-1 -1 -1 -1 -1 -1 -1 -1 -1 -1 -1 -1 -1 -1 -1 -1 -1 -1 -1 -1 -1 -1 -1 -1 -1 -1 -1 -1 -1 -1 -1 -1 -1 -1 -1 -1 -1 -1 -1 -1 -1 -1 -1 -1 -1 -1 -1 -1 -1 -1 -1 -1 -1 -1 -1 -1 -1 -1 -1 -1 -1 -1 -1 -1 -1 -1 -1 -1 -1 -1 -1 -1 -1 -1 -1 -1 -1 -1 -1 -1 -1 -1 -1 -1 -1 -1 -1 -1 -1 -1 -1 -1 -1 -1 -1 -1 -1 -1 -1 -1 -1 -1 -1 -1 -1 -1 -1 -1 -1 -1 -1 -1 -1 -1 -1 -1 -1 -1 -1 -1 -1 -1 -1 -1 -1 -1 -1 -1 -1
-1 -1 -1 -1 -1 -1 -1 -1 -1 -1 -1 -1 -1 -1 -1 -1 -1 -1 -1 -1 -1 -1 -1 -1 -1 -1 -1 -1 -1 -1 -1 -1 -1 -1 -1 -1 -1 -1 -1 -1 -1 -1 -1 -1 -1 -1 -1 -1 -1 -1 -1 -1 -1 -1 -1 -1 -1 -1 -1 -1 -1 -1 -1 -1 -1 -1 -1 -1 -1 -1 -1 -1 -1 -1 -1 -1 -1 -1 -1 -1 -1 -1 -1 -1 -1 -1 -1 -1 -1 -1 -1 -1 -1 -1 -1 -1 -1 -1 -1 -1 -1 -1 -1 -1 -1 -1 -1 -1 -1 -1 -1 -1 -1 -1 -1 -1 -1 -1 -1 -1 -1 -1 -1 -1 -1 -1 -1 -1 -1
-1 -1 -1 -1 -1 -1 -1 -1 -1 -1 -1 -1 -1 -1 -1 -1 -1 -1 -1 -1 -1 -1 -1 -1 -1 -1 -1 -1 -1 -1 -1 -1 -1 -1 -1 -1 -1 -1 -1 -1 -1 -1 -1 -1 -1 -1 -1 -1 -1 -1 -1 -1 -1 -1 -1 -1 -1 -1 -1 -1 -1 -1 -1 -1 -1 -1 -1 -1 -1 -1 -1 -1 -1 -1 -1 -1 -1 -1 -1 -1 -1 -1 -1 -1 -1 -1 -1 -1 -1 -1 -1 -1 -1 -1 -1 -1 -1 -1 -1 -1 -1 -1 -1 -1 -1 -1 -1 -1 -1 -1 -1 -1 -1 -1 -1 -1 -1 -1 -1 -1 -1 -1 -1 -1 -1 -1 -1 -1 -1
-1 -1 -1 -1 -1 -1 -1 -1 -1 -1 -1 -1 -1 -1 -1 -1 -1 -1 -1 -1 -1 -1 -1 -1 -1 -1 -1 -1 -1 -1 -1 -1 -1 -1 -1 -1 -1 -1 -1 -1 -1 -1 -1 -1 -1 -1 -1 -1 -1 -1 -1 -1 -1 -1 -1 -1 -1 -1 -1 -1 -1 -1 -1 -1 -1 -1 -1 -1 -1 -1 -1 -1 -1 -1 -1 -1 -1 -1 -1 -1 -1 -1 -1 -1 -1 -1 -1 -1 -1 -1 -1 -1 -1 -1 -1 -1 -1 -1 -1 -1 -1 -1 -1 -1 -1 -1 -1 -1 -1 -1 -1 -1 -1 -1 -1 -1 -1 -1 -1 -1 -1 -1 -1 -1 -1 -1 -1 -1 -1
-1 -1 -1 -1 -1 -1 -1 -1 -1 -1 -1 -1 -1 -1 -1 -1 -1 -1 -1 -1 -1 -1 -1 -1 -1 -1 -1 -1 -1 -1 -1 -1 -1 -1 -1 -1 -1 -1 -1 -1 -1 -1 -1 -1 -1 -1 -1 -1 -1 -1 -1 -1 -1 -1 -1 -1 -1 -1 -1 -1 -1 -1 -1 -1 -1 -1 -1 -1 -1 -1 -1 -1 -1 -1 -1 -1 -1 -1 -1 -1 -1 -1 -1 -1 -1 -1 -1 -1 -1 -1 -1 -1 -1 -1 -1 -1 -1 -1 -1 -1 -1 -1 -1 -1 -1 -1 -1 -1 -1 -1 -1 -1 -1 -1 -1 -1 -1 -1 -1 -1 -1 -1 -1 -1 -1 -1 -1 -1 -1
-1 -1 -1 -1 -1 -1 -1 -1 -1 -1 -1 -1 -1 -1 -1 -1 -1 -1 -1 -1 -1 50 50 50 50 -1 -1 -1 -1 -1 -1 -1 -1 -1 -1 -1 -1 -1 -1 -1 -1 -1 -1 -1 -1 -1 -1 -1 -1 -1 -1 -1 -1 -1 -1 -1 -1 -1 -1 -1 -1 -1 -1 -1 -1 -1 -1 -1 -1 -1 -1 -1 -1 -1 -1 -1 -1 -1 -1 -1 -1 -1 -1 -1 -1 -1 -1 -1 -1 -1 -1 -1 -1 -1 -1 -1 -1 -1 -1 -1 -1 -1 -1 -1 -1 -1 -1 -1 -1 -1 -1 -1 -1 -1 -1 -1 -1 -1 -1 -1 -1 -1 -1 -1 -1 -1 -1 -1 -1
-1 -1 -1 -1 -1 -1 -1 -1 -1 -1 -1 -1 -1 -1 -1 50 51 52 51 50 -1 55 53 53 51 -1 -1 -1 -1 -1 -1 -1 -1 -1 -1 -1 -1 -1 -1 -1 -1 -1 -1 -1 -1 -1 -1 -1 -1 -1 -1 -1 -1 -1 -1 -1 -1 -1 -1 -1 -1 -1 -1 -1 -1 -1 -1 -1 -1 -1 -1 -1 -1 -1 -1 -1 -1 -1 -1 -1 -1 -1 -1 -1 -1 -1 -1 -1 -1 -1 -1 -1 -1 -1 -1 -1 -1 -1 -1 -1 -1 -1 -1 -1 -1 -1 -1 -1 -1 -1 -1 -1 -1 -1 -1 -1 -1 -1 -1 -1 -1 -1 -1 -1 -1 -1 -1 -1 -1
-1 -1 -1 -1 -1 -1 -1 -1 -1 -1 -1 50 50 50 50 53 75 81 71 56 -1 48 47 48 50 -1 -1 -1 -1 -1 -1 -1 -1 -1 -1 -1 -1 -1 -1 -1 -1 -1 -1 -1 -1 -1 -1 -1 -1 -1 -1 -1 -1 -1 -1 -1 -1 -1 -1 -1 -1 -1 -1 -1 -1 -1 -1 -1 -1 -1 -1 -1 -1 -1 -1 -1 -1 -1 -1 -1 -1 -1 -1 -1 -1 -1 -1 -1 -1 -1 -1 -1 -1 50 51 50 -1 -1 -1 -1 -1 -1 -1 -1 -1 -1 -1 -1 -1 -1 -1 -1 -1 -1 -1 -1 -1 -1 -1 -1 -1 -1 -1 -1 -1 -1 -1 -1 -1
-1 -1 -1 -1 -1 -1 -1 -1 -1 50 50 52 61 58 51 49 42 29 33 45 50 49 47 47 50 -1 -1 -1 -1 -1 -1 -1 -1 -1 -1 -1 50 50 -1 -1 -1 -1 -1 -1 -1 -1 -1 -1 -1 -1 -1 -1 -1 -1 -1 -1 -1 -1 -1 -1 -1 -1 -1 -1 -1 -1 -1 -1 -1 -1 -1 -1 -1 -1 -1 -1 -1 -1 -1 -1 -1 -1 -1 -1 -1 -1 -1 -1 50 50 -1 -1 -1 51 53 50 -1 -1 -1 -1 -1 -1 -1 -1 -1 -1 -1 -1 -1 -1 -1 -1 -1 -1 -1 -1 -1 -1 -1 -1 -1 -1 -1 -1 -1 -1 -1 -1 -1
-1 -1 -1 -1 -1 -1 -1 -1 -1 53 54 64 58 44 46 50 45 27 26 40 49 -1 48 47 50 -1 -1 -1 -1 -1 -1 -1 -1 -1 -1 50 52 51 -1 -1 -1 -1 -1 -1 -1 -1 -1 -1 -1 -1 -1 -1 -1 -1 -1 -1 -1 -1 -1 -1 -1 -1 -1 -1 -1 -1 -1 -1 -1 -1 -1 -1 -1 -1 -1 -1 -1 -1 -1 -1 -1 -1 -1 -1 -1 -1 -1 -1 52 52 50 -1 -1 49 49 50 -1 -1 -1 -1 -1 -1 -1 -1 -1 -1 -1 -1 -1 -1 -1 -1 -1 -1 -1 -1 -1 -1 -1 -1 -1 -1 -1 -1 -1 -1 -1 -1 -1
-1 -1 -1 -1 -1 -1 -1 -1 -1 49 47 44 41 41 47 51 51 40 32 40 48 -1 48 47 50 -1 -1 -1 -1 -1 -1 -1 -1 -1 -1 49 49 50 -1 -1 -1 -1 -1 -1 -1 -1 -1 -1 -1 -1 -1 50 51 50 -1 -1 -1 -1 -1 -1 -1 -1 -1 -1 -1 -1 -1 -1 -1 -1 -1 -1 -1 51 50 -1 -1 -1 -1 -1 -1 -1 -1 -1 -1 -1 -1 -1 50 52 50 -1 -1 49 49 -1 -1 -1 -1 -1 -1 -1 -1 -1 -1 -1 -1 -1 -1 -1 -1 -1 -1 -1 -1 -1 -1 -1 -1 -1 -1 -1 -1 -1 -1 -1 -1 -1 -1
-1 -1 -1 -1 -1 -1 -1 -1 -1 50 49 47 41 41 46 51 52 36 22 32 46 -1 48 47 50 50 -1 -1 -1 -1 -1 -1 -1 -1 -1 49 49 50 51 50 50 -1 -1 -1 -1 -1 -1 -1 -1 -1 -1 51 52 50 -1 -1 -1 -1 -1 -1 -1 -1 -1 -1 51 50 -1 -1 -1 -1 -1 -1 -1 52 50 -1 -1 52 52 50 -1 -1 -1 -1 -1 -1 -1 -1 49 48 50 -1 -1 49 49 -1 -1 -1 -1 -1 -1 -1 -1 -1 -1 -1 -1 -1 -1 -1 -1 -1 -1 -1 -1 -1 -1 -1 -1 -1 -1 -1 -1 -1 -1 -1 -1 -1 -1
-1 -1 -1 -1 -1 -1 -1 -1 -1 -1 49 48 42 36 40 47 54 45 29 31 45 51 48 47 49 50 -1 -1 -1 -1 -1 -1 -1 -1 -1 49 51 51 53 49 50 50 50 -1 -1 -1 -1 -1 51 50 50 50 49 49 50 -1 -1 -1 -1 -1 -1 -1 50 54 64 62 53 51 -1 -1 -1 -1 -1 50 50 -1 -1 51 51 50 -1 -1 -1 -1 -1 -1 -1 -1 49 48 50 -1 50 49 49 -1 -1 -1 -1 -1 -1 -1 -1 -1 -1 -1 -1 -1 -1 -1 -1 -1 -1 -1 -1 -1 -1 -1 -1 -1 -1 -1 -1 -1 -1 -1 -1 -1 -1
-1 -1 -1 -1 -1 -1 -1 -1 -1 -1 49 47 44 40 41 48 56 53 31 25 43 53 49 47 48 50 -1 -1 -1 -1 -1 -1 -1 -1 -1 49 50 49 49 48 49 49 50 50 -1 50 53 56 60 68 58 57 57 52 50 -1 -1 -1 -1 -1 -1 -1 49 52 68 66 60 55 51 -1 -1 -1 49 49 50 -1 -1 49 48 52 50 -1 -1 -1 -1 -1 -1 -1 49 48 50 -1 50 49 50 -1 -1 -1 -1 -1 -1 -1 -1 -1 -1 -1 -1 -1 -1 -1 -1 -1 -1 -1 -1 -1 -1 -1 -1 -1 -1 -1 -1 -1 -1 -1 -1 -1 -1
-1 -1 -1 -1 -1 -1 -1 -1 -1 -1 -1 49 47 41 41 46 44 44 30 22 40 48 47 47 47 50 -1 -1 -1 -1 -1 -1 -1 -1 50 51 61 64 62 58 51 49 49 50 50 54 65 75 79 75 58 60 58 50 49 50 -1 -1 -1 -1 -1 -1 49 35 25 40 54 56 54 -1 -1 -1 49 49 50 -1 -1 48 47 51 50 -1 -1 -1 -1 -1 -1 -1 49 47 50 -1 50 49 50 -1 -1 -1 -1 -1 -1 -1 -1 -1 -1 -1 -1 -1 -1 -1 -1 -1 -1 -1 -1 -1 -1 -1 -1 -1 -1 -1 -1 -1 -1 -1 -1 -1 -1
-1 -1 -1 -1 -1 -1 -1 -1 -1 -1 -1 49 47 42 36 40 52 56 31 18 35 46 47 48 47 50 -1 -1 -1 -1 -1 -1 53 55 61 66 73 79 73 60 49 49 49 49 50 58 67 42 22 22 17 33 35 40 49 50 50 -1 -1 -1 -1 50 45 26 25 38 42 46 49 -1 -1 -1 49 50 -1 -1 -1 47 47 49 50 -1 -1 -1 -1 -1 -1 -1 49 47 50 -1 50 49 50 -1 -1 -1 -1 -1 -1 -1 -1 -1 -1 -1 -1 -1 -1 -1 -1 -1 -1 -1 -1 -1 -1 -1 -1 -1 -1 -1 -1 -1 -1 -1 -1 -1 -1
-1 -1 -1 -1 -1 -1 -1 -1 -1 -1 -1 -1 48 45 40 40 46 40 18 11 27 41 47 48 47 50 -1 -1 -1 -1 -1 -1 50 61 52 47 49 29 33 37 47 51 51 48 51 52 43 25 15  9 10 17 32 36 47 49 50 -1 -1 -1 -1 49 38 23 30 40 44 46 49 -1 -1 -1 49 50 -1 -1 49 47 48 50 -1 -1 -1 -1 -1 -1 -1 -1 49 47 50 -1 50 49 50 -1 -1 -1 -1 -1 -1 -1 -1 -1 -1 -1 -1 -1 -1 -1 -1 -1 -1 -1 -1 -1 -1 -1 -1 -1 -1 -1 -1 -1 -1 -1 -1 -1 -1
-1 -1 -1 -1 -1 -1 -1 -1 -1 -1 -1 -1 49 47 41 40 48 37 14  6 22 39 47 47 47 50 -1 -1 -1 -1 -1 -1 -1 50 41 25 20 13 18 34 46 49 49 49 47 49 45 34 24 10  6  9 25 33 44 49 49 50 -1 -1 -1 48 31 23 35 42 45 48 -1 -1 -1 -1 49 50 -1 -1 49 48 48 50 -1 -1 -1 -1 -1 -1 -1 -1 49 47 50 -1 50 49 50 -1 -1 -1 -1 -1 -1 -1 -1 -1 -1 -1 -1 -1 -1 -1 -1 -1 -1 -1 -1 -1 -1 -1 -1 -1 -1 -1 -1 -1 -1 -1 -1 -1 -1
-1 -1 -1 -1 -1 -1 -1 -1 -1 -1 -1 -1 49 47 40 36 41 48 31  4 16 34 43 46 47 49 50 -1 -1 -1 -1 -1 -1 -1 49 38 22 14 11 29 45 50 51 49 48 49 48 41 31 21  8  5 12 30 38 48 49 50 -1 -1 50 43 24 26 39 43 46 49 -1 -1 -1 -1 49 50 -1 -1 48 47 48 50 -1 -1 -1 -1 -1 -1 -1 -1 49 47 50 -1 49 49 50 -1 -1 -1 -1 -1 -1 -1 -1 -1 -1 -1 -1 -1 -1 -1 -1 -1 -1 -1 -1 -1 -1 -1 -1 -1 -1 -1 -1 -1 -1 -1 -1 -1 -1
-1 -1 -1 -1 -1 -1 -1 -1 -1 -1 -1 -1 -1 49 46 39 39 47 25  0  5 28 42 45 46 47 50 -1 -1 -1 -1 -1 -1 -1 50 43 31 16  2 21 41 50 52 48 48 50 49 47 39 26 14  2  1 17 33 47 49 49 50 -1 49 35 21 31 41 45 47 49 -1 -1 -1 -1 49 50 -1 50 47 47 49 50 -1 -1 -1 -1 -1 -1 -1 -1 49 47 50 -1 49 49 -1 -1 -1 -1 -1 -1 -1 -1 -1 -1 -1 -1 -1 -1 -1 -1 -1 -1 -1 -1 -1 -1 -1 -1 -1 -1 -1 -1 -1 -1 -1 -1 -1 -1 -1
-1 -1 -1 -1 -1 -1 -1 -1 -1 -1 -1 -1 -1 49 47 41 43 48 25  2  0 23 41 45 44 46 50 -1 -1 -1 -1 -1 -1 -1 -1 46 44 40  9 19 34 40 43 46 49 49 49 49 46 35 22  8  0  4 26 38 49 49 50 -1 47 27 23 38 42 45 48 -1 -1 -1 -1 -1 49 50 -1 50 49 48 51 50 -1 -1 -1 -1 -1 -1 -1 -1 49 46 49 -1 49 49 -1 -1 -1 -1 -1 -1 -1 -1 -1 -1 -1 -1 -1 -1 -1 -1 -1 -1 -1 -1 -1 -1 -1 -1 -1 -1 -1 -1 -1 -1 -1 -1 -1 -1 -1
-1 -1 -1 -1 -1 -1 -1 -1 -1 -1 -1 -1 -1 -1 48 42 39 43 29  5  0 13 37 42 41 45 50 -1 -1 -1 -1 -1 -1 -1 -1 48 35 11  2 15 38 45 41 39 47 50 49 49 50 45 30 20  0  0 11 33 48 49 49 50 39 20 27 41 44 47 49 -1 -1 -1 -1 49 49 50 -1 49 47 48 51 -1 -1 -1 -1 -1 -1 -1 -1 -1 50 45 49 54 58 54 50 50 56 56 53 50 -1 -1 -1 -1 -1 -1 -1 -1 -1 -1 -1 -1 -1 -1 -1 -1 -1 -1 -1 -1 -1 -1 -1 -1 -1 -1 -1 -1 -1
-1 -1 -1 -1 -1 -1 -1 -1 -1 -1 -1 -1 50 50 49 46 38 34 31 11  0  0 31 41 39 45 50 -1 -1 -1 51 52 49 50 50 49 43 21  0  7 33 44 47 41 39 42 48 49 49 50 42 27 11  0  0 22 43 49 49 49 27 15 33 43 45 48 -1 -1 -1 -1 -1 49 49 50 -1 49 47 48 50 -1 -1 -1 -1 -1 -1 -1 -1 -1 -1 45 50 64 77 64 51 49 58 60 56 51 -1 -1 -1 -1 -1 -1 -1 -1 -1 -1 -1 -1 -1 -1 -1 -1 -1 -1 -1 -1 -1 -1 -1 -1 -1 -1 -1 -1 -1
-1 -1 -1 -1 -1 -1 -1 -1 -1 -1 -1 -1 49 48 49 47 42 37 37 24  0  0 21 42 38 43 49 -1 -1 -1 55 56 47 47 50 50 47 27  0  0 29 43 48 46 45 42 40 45 47 49 49 40 23  0  0  0 33 49 49 43 16 16 37 44 46 49 -1 -1 -1 -1 -1 49 52 50 -1 47 47 48 50 -1 -1 -1 -1 -1 -1 -1 -1 -1 -1 46 43 39 43 49 53 45 38 40 51 50 -1 -1 -1 -1 -1 -1 -1 -1 -1 -1 -1 -1 -1 -1 -1 -1 -1 -1 -1 -1 -1 -1 -1 -1 -1 -1 -1 -1 -1
-1 -1 -1 -1 -1 -1 -1 -1 -1 -1 -1 -1 48 45 48 48 42 35 37 32  1  3 10 38 38 40 48 -1 -1 -1 -1 48 47 45 42 47 49 37  0  0 20 42 49 48 49 48 44 42 42 45 47 47 37 14  0  0 13 47 50 33  9 20 36 44 47 -1 50 -1 -1 50 52 49 52 51 52 47 47 49 -1 -1 -1 -1 -1 -1 -1 -1 -1 -1 -1 45 43 34 24 43 43 38 37 44 49 50 -1 -1 -1 -1 -1 -1 -1 -1 -1 -1 -1 -1 -1 -1 -1 -1 -1 -1 -1 -1 -1 -1 -1 -1 -1 -1 -1 -1 -1
-1 -1 -1 -1 -1 -1 -1 -1 -1 -1 -1 -1 49 45 46 49 47 38 35 36 12  0  0 38 40 38 46 50 -1 -1 -1 -1 51 49 44 44 44 42 11  0 26 47 48 48 48 47 47 47 45 43 41 44 42 28  0  0  0 32 47 21  9 26 33 40 48 50 53 51 50 52 52 47 49 49 49 47 48 50 -1 -1 -1 -1 -1 -1 -1 -1 -1 -1 50 46 43 30 25 42 40 36 40 47 50 -1 -1 -1 -1 -1 -1 -1 -1 -1 -1 -1 -1 -1 -1 -1 -1 -1 -1 -1 -1 -1 -1 -1 -1 -1 -1 -1 -1 -1 -1
-1 -1 -1 -1 -1 -1 -1 -1 -1 -1 -1 -1 49 47 45 48 47 42 37 38 25  0  0 27 42 39 45 50 -1 -1 -1 -1 50 49 50 52 48 40 19  0  3 32 44 47 47 45 44 43 44 47 41 40 44 38 22  0  0  7 38 12 13 26 33 38 45 47 49 54 50 50 48 46 51 51 49 51 51 53 50 50 50 50 50 -1 -1 -1 -1 -1 51 49 42 29 27 41 36 37 44 49 -1 -1 -1 -1 -1 -1 -1 -1 -1 -1 -1 -1 -1 -1 -1 -1 -1 -1 -1 -1 -1 -1 -1 -1 -1 -1 -1 -1 -1 -1 -1
-1 -1 -1 -1 -1 -1 -1 -1 -1 -1 -1 -1 -1 49 45 47 48 42 36 39 32  0  0  7 40 37 43 49 -1 -1 -1 -1 50 48 46 43 45 43 32  0  0 22 41 44 42 47 47 40 43 42 44 45 48 45 44 15  0  0 40 16 24 37 51 58 58 56 65 63 61 65 65 70 76 74 74 68 64 58 51 51 51 50 51 50 -1 -1 -1 -1 49 47 39 20 30 37 33 40 47 50 -1 -1 -1 -1 -1 -1 -1 -1 -1 -1 -1 -1 -1 -1 -1 -1 -1 -1 -1 -1 -1 -1 -1 -1 -1 -1 -1 -1 -1 -1 -1
-1 -1 -1 -1 -1 -1 -1 -1 -1 -1 -1 -1 -1 50 46 45 49 46 37 35 39 18  0  0 36 37 40 49 -1 -1 -1 -1 52 48 41 36 33 29 28  0  0 16 43 41 40 52 56 47 58 39 47 64 68 65 76 65 55 15 28 20 49 70 83 90 89 87 93 92 91 96 99 100 98 94 95 92 97 93 77 65 58 51 49 49 -1 50 50 -1 50 45 35 18 31 33 35 45 49 52 50 -1 -1 -1 -1 -1 -1 -1 -1 -1 -1 -1 -1 -1 -1 -1 -1 -1 -1 -1 -1 -1 -1 -1 -1 -1 -1 -1 -1 -1 -1
-1 -1 -1 -1 -1 -1 -1 -1 -1 -1 -1 -1 -1 -1 48 44 47 48 41 37 42 27  0  0 29 40 39 47 -1 -1 49 49 50 46 39 36 31 27 29 16  2 19 45 48 42 60 56 36 60 24 59 78 78 84 93 96 96 94 70 81 96 92 96 96 95 91 96 98 98 98 98 96 89 73 69 86 96 99 100 99 97 89 75 61 55 51 49 -1 52 54 45 53 51 40 41 51 49 49 53 53 50 -1 -1 -1 -1 -1 -1 -1 -1 -1 -1 -1 -1 -1 -1 -1 -1 -1 -1 -1 -1 -1 -1 -1 -1 -1 -1 -1 -1
-1 -1 -1 -1 -1 -1 -1 -1 -1 -1 -1 -1 51 51 50 46 46 49 44 37 40 40  4  0 19 40 40 48 50 49 47 48 49 44 40 33 27 29 31 31  0  0 46 61 64 68 66 75 76 89 95 95 93 93 94 91 91 76 53 81 75 63 55 47 56 50 59 71 56 64 65 65 75 70 65 48 31 64 85 96 100 100 99 92 78 70 62 58 57 54 33 24 56 38 64 52 49 49 53 51 -1 -1 -1 -1 -1 -1 -1 -1 -1 -1 -1 -1 -1 -1 -1 -1 -1 -1 -1 -1 -1 -1 -1 -1 -1 -1 -1 -1 -1
-1 -1 -1 -1 -1 -1 -1 -1 -1 -1 -1 -1 50 50 49 47 45 48 46 37 37 45 46 34 40 45 42 47 49 51 53 53 54 56 53 45 45 47 63 67 64 62 83 80 76 78 85 85 73 85 63 31  0  0  1  2  1  3 11 44 59 58 65 75 58 57 69 64 65 62 36 28 36 10  1 15 29 24 17  4 61 83 95 99 99 98 86 65 43 30  0  0 19 27 53 54 50 54 55 53 -1 -1 -1 -1 -1 -1 -1 -1 -1 -1 -1 -1 -1 -1 -1 -1 -1 -1 -1 -1 -1 -1 -1 -1 -1 -1 -1 -1 -1
-1 -1 -1 -1 -1 -1 -1 -1 -1 -1 -1 -1 -1 50 49 50 45 46 51 50 49 53 83 70 22 64 71 69 81 88 93 93 93 94 83 86 80 81 86 73 67 59 68 14  4  4  2 22 36 42 44 40 34 22 15  5  0  0  7 28 29 30 39 40 41 49 51 18  0  0  0  0  0  0  0  0  0 16 29 21  9  2  0 67 87 91 92 85 80 59 30 16 27 40 58 72 76 76 80 75 51 -1 -1 -1 -1 -1 -1 -1 -1 -1 -1 -1 -1 -1 -1 -1 -1 -1 -1 -1 -1 -1 -1 -1 -1 -1 -1 -1 -1
-1 -1 -1 -1 -1 -1 -1 -1 -1 -1 -1 -1 -1 -1 50 51 47 49 50 47 39 44 84 83 82 92 91 85 84 81 76 72 67 57 47 29  1 21 81 54 23 15 35 38 48 53 55 66 73 65 78 69 56 36 28 31 13  0  0  0  0  0  0  0  0  0  0  0  0  0  0  0  0  0  0  0  0  0  7 28 23  5  2  1  0  0 30 63 66 67 81 89 90 95 97 99 98 99 99 99 77 51 50 -1 -1 -1 -1 -1 -1 -1 -1 -1 -1 -1 -1 -1 -1 -1 -1 -1 -1 -1 -1 -1 -1 -1 -1 -1 -1
-1 -1 -1 -1 -1 -1 -1 -1 -1 -1 -1 -1 -1 50 50 49 49 52 51 62 66 79 89 94 20  0  0  0  0  0  0  0  2  0  0  0  4 46 37 44 51 64 64 35 35 22 18 39 47 34  2  4 11  9  1  0  0  0  0  0  0  0  0  0  0  0  0  0  0  0  0  0  0  0  0  0  0  0  0  0  0  0  0  0  0  0  0  0  0  0 45 75 87 95 96 98 98 97 99 100 99 65 54 50 -1 -1 -1 -1 -1 -1 -1 -1 -1 -1 -1 -1 -1 -1 -1 -1 -1 -1 -1 -1 -1 -1 -1 -1 -1
-1 -1 -1 -1 -1 -1 -1 -1 -1 -1 -1 -1 -1 52 49 50 51 46 53 61 62 43 50 83  0  0  0  0  0  0  0  0  0  0  0  2  0  2 18 36 14  3  9 13  0  0  2  0  0  0  0  0  0  0  0  0  7  0  5  1  0  0  0  0  0  0  0  0  0  0  0  0  0  0  0  0  0  0  0  0  0  0  0  0  0  0  0  0  0  0  0  0  0  0  4  7 15  0 25 96 100 75 62 51 -1 -1 -1 -1 -1 -1 -1 -1 -1 -1 -1 -1 -1 -1 -1 -1 -1 -1 -1 -1 -1 -1 -1 -1 -1
-1 -1 -1 -1 -1 -1 -1 -1 -1 -1 -1 -1 -1 -1 49 50 52 51 53 40 26  3 20 85  0  0  0  0  0  0  0  6  0  0  0  7  4  0  4 40  0  0  0  0  0  0  0  0  0  0  0  0  0  0  0  0  9  0  0  0  0  0  0  0  0  0  0  0  0  0  0  0  0  0  0  0  0  0  0  0  0  0  0  0  0  0  0  0  0  0  0  0  0  0  0  0  0  0  2 87 100 73 55 50 -1 -1 -1 -1 -1 -1 -1 -1 -1 -1 -1 -1 -1 -1 -1 -1 -1 -1 -1 -1 -1 -1 -1 -1 -1
-1 -1 -1 -1 -1 -1 -1 -1 -1 -1 -1 -1 -1 -1 49 49 52 51 44 32 32 19 16 73  0  0  0  0  0 33 36 70 21  0  0  0  0  0  0 45  0  0  0  0  0  0  0  0  0  0  0  0  0  0  0  0  0  0  0  0  0  0  0  0  0  0  0  0  0  0  0  0  0  0  0  0  0  0  0  0  0  0  0  0  0  0  0  0  0  0  1  0  0  0  2  0  0  0  0 89 100 78 64 51 -1 -1 -1 -1 -1 -1 -1 -1 -1 -1 -1 -1 -1 -1 -1 -1 -1 -1 -1 -1 -1 -1 -1 -1 -1
-1 -1 -1 -1 -1 -1 -1 -1 -1 -1 -1 -1 -1 -1 -1 49 50 52 42 33 31 15  7 82 17  0  0  0  0  0 63  0  0  0  0  0  0  0  2  0  0  0  0  0  0 37 63 53 38  0  0  0  0  0  0  0  0  0  0  0  0  0  0  0  0  0  0  0  0  0  0  0  0  0  0  0  0  0  0  0  0  0  0  0  0  0  0  0  0  0  0  0  0  0  0  0  0  0  0 87 99 78 62 51 -1 -1 -1 -1 -1 -1 -1 -1 -1 -1 -1 -1 -1 -1 -1 -1 -1 -1 -1 -1 -1 -1 -1 -1 -1
-1 -1 -1 -1 -1 -1 -1 -1 -1 -1 -1 -1 -1 -1 -1 -1 49 50 46 38 21 13  9 75 38  0  0  0  0  0  0  0  0  0  0  0  0  1  0 25  0  0  0  0  3 29 37 26  0  0  0  0  0  0  0  0  0  2  0  0  0  0  0  0  0  0  0  0  0  0 -2 -2  0  0  0  0  0  0  0 -2  0  0  0  0  0  0  0  0  0  0  0  0  0  0  0  0  0  0  4 82 99 76 56 51 -1 -1 -1 -1 -1 -1 -1 -1 -1 -1 -1 -1 -1 -1 -1 -1 -1 -1 -1 -1 -1 -1 -1 -1 -1
-1 -1 -1 -1 -1 -1 -1 -1 -1 -1 -1 -1 -1 -1 -1 -1 50 50 50 39 27 27 12 74 22  0  0  0  0  0  0  0  0  0  0  0  0  0 10  4  0  0  0  0  0  0  0  0  0  0  0  0  0  0  0  0  0  0  0  0  0  0  0  0  0  0  0  0  0  0  0  0  0  0 -2 -2 -2 -2  0  0  0  0 -2  0  0 -2  0  0  0  0  0  0  0  0  0  0  0  0  0 75 100 79 61 51 -1 -1 -1 -1 -1 -1 -1 -1 -1 -1 -1 -1 -1 -1 -1 -1 -1 -1 -1 -1 -1 -1 -1 -1 -1
-1 -1 -1 -1 -1 -1 -1 -1 -1 -1 -1 -1 -1 -1 -1 -1 51 50 54 46 28 22  0 70 65  0  0  0  0  0  0  0  0  0  0  5  9  0  2 35  0  0  0  0  0  0  0  0  0  0  0  0  0  0  0  0  0  0 34  0  0  0  0  0  0  0  0  0  0  0  0  0  0  0  0  0  0  0 -2 -2 -2  0  0  0  0  0  0  0  0  0  0  0  0  0  0  0  0  0  0 76 99 81 64 51 -1 -1 -1 -1 -1 -1 -1 -1 -1 -1 -1 -1 -1 -1 -1 -1 -1 -1 -1 -1 -1 -1 -1 -1 -1
-1 -1 -1 -1 -1 -1 -1 -1 -1 -1 -1 -1 -1 -1 -1 -1 -1 51 51 45 33 28 17 67 86  0  0  0  2  0  0  0  0  0  0  0  0  7  0  8  0  0  0  0  0  0  0  0  0  0  0  0  0  0  0  0  0 32 64  1  0  0  0  0  0  0  0  0  0  0  0  0  0  0  0  0  0  0  0  0 -2  0  0  0  0  0  0  0  0  0  0  0  0  0  0  0  0  0  0 72 100 89 62 51 -1 -1 -1 -1 -1 -1 -1 -1 -1 -1 52 50 -1 -1 -1 -1 -1 -1 -1 -1 -1 -1 -1 -1 -1
-1 -1 -1 -1 -1 -1 -1 -1 -1 -1 -1 -1 -1 -1 -1 -1 -1 52 49 46 34 45 30 64 91  0  0  0  0  0  0  0  0  0  0  0  0 16  0 24  0  0  0  0  0  0  0  0  0  0  0  0  0  0  0  0 33 15 10  0  0  0  0  0  0  0  0  0  0  0  0  0  1  0  0  0  0  0  0  0  0  0  0 -2  0  0 -2  0  0  0  0  0  0  0  0  0  0  0  0 67 100 86 59 51 -1 -1 -1 -1 -1 -1 -1 -1 49 49 48 52 50 -1 -1 -1 -1 -1 -1 -1 -1 -1 -1 -1 -1
-1 -1 -1 -1 -1 -1 -1 -1 -1 -1 -1 -1 -1 -1 -1 -1 50 52 53 53 36 42 53 63 89  0  0  0  2  0  0  0  0  0  0  0  0 17 18 56 32  0  0  0  0  0  0  0  0  0  0  0  0  0 12 71 91 31  0  3  0  0  0  0  0  0  0  0  0  0  2 15 20  6  0  0  0  0  0  0  0  0  0 -2  0  0  0  0  0  0  0  0  0  0  0  0  0  0  0 65 100 87 56 48 50 -1 -1 -1 -1 -1 -1 49 49 49 47 56 54 50 -1 -1 -1 -1 -1 -1 -1 -1 -1 -1 -1
-1 -1 -1 -1 -1 -1 -1 -1 -1 -1 -1 -1 -1 -1 -1 -1 -1 50 53 49 40 36 51 60 84  0  0  0  0  0  0  0  0  0  0  0 18  7  1 80  7  0  0  0  0  0  0  0  0  0  0  0  0 17 54 85 98 75  2  0  0  0  0  0  0  0  0  0  0  0 58 56 45 49  9  0  0  0  0  0  0  0  0  0  0  0  0  0 -2  0  0  0  0  0  0  0  0  0  0 60 100 87 56 45 45 50 -1 -1 -1 -1 49 49 48 47 47 51 58 50 -1 -1 -1 -1 -1 -1 -1 -1 -1 -1 -1
-1 -1 -1 -1 -1 -1 -1 -1 -1 -1 -1 -1 -1 -1 -1 -1 -1 51 52 53 53 36 50 62 79  0  0  0  0  0  0  0  0  0  0  0  0 15  0 42 13  0  0  0  0  0  0  0  0  0  0  0  0 20 24 13 34 81 53  7  0  0  0  0  0  0  0  0  0 30 55 70 21 44 46  4  0  0  0  0  0  0  0  0  0  0  0 -2 -2 -2  0  0  0  0  0  0  0  0  0 45 100 91 59 43 40 45 50 -1 -1 49 48 48 47 45 45 51 53 52 50 -1 -1 -1 -1 -1 -1 -1 -1 -1 -1
-1 -1 -1 -1 -1 -1 -1 -1 -1 -1 -1 -1 -1 -1 -1 -1 -1 50 50 50 49 42 53 59 75  0  0  0  0  0  0  0  0  0  0  0  0 17  0 34  4  0  0  0  0  0  0  0  0  0  0  0  0  0  0  0  0 71 65 43 21  4  0  0  0  0  0  0  4 20  2  8 40 12 50 62 90 50 56 54 54  0  0  0  0  0  0  0  0 -2  0  0  0  0  0  0  0  0  0  0 85 91 70 44 40 40 48 49 49 48 47 47 45 42 45 49 47 54 50 -1 -1 -1 -1 -1 -1 -1 -1 -1 -1
-1 -1 -1 -1 -1 -1 -1 -1 -1 -1 -1 -1 -1 -1 -1 -1 -1 51 50 51 50 40 56 56 70  0  0  0  0  0  0  0  0  0  0  0  0  0  0 38 10  0  0  0  0  0  0  0  0  0  0  0  0  0  0  0  0  0 58 38  0  0  0  0  0  0  0  0  0  0  0  0  9 34  7 54 89 75 37  0 64 59  0  0  0  0  0  0  0 -2 -2  0  0  0  0  0  0  0  0  0 35 93 77 43 28 32 41 47 48 47 44 43 43 42 47 45 51 50 -1 -1 -1 -1 -1 -1 -1 -1 -1 -1 -1
-1 -1 -1 -1 -1 -1 -1 -1 -1 -1 -1 -1 -1 -1 -1 -1 -1 49 49 49 55 49 52 51 73  0  0  0  0  0  0  0  0  0  0  0  3  5  0 48 18 13  0  0  0  0  0  0  0  0  0  0  0  0  0  0  0  0  0 55  0  0  0  0  0  0  0  0  0  0  0  0  0 11 33 16 76 75 44 59 78 53  0  0  0  0  0  0  0  0 -2 -2  9  0  0  0  0  0  0  0  0 72 63 12 14 12 31 43 45 45 40 42 44 48 46 47 54 50 -1 -1 -1 -1 -1 -1 -1 -1 -1 -1 -1
-1 -1 -1 -1 -1 -1 -1 -1 -1 -1 -1 -1 -1 -1 -1 -1 -1 51 50 49 59 52 48 40 73 23  0  0  0  0  0  0  0  0  0  0  0 10  4 24 11 16  0  0  0  0  0  0  0  0  0  0  0  0  0  0  0 18  1 25 33  0  0  0  0  0  0  0  0  0  0  0  0  0 27 26 33 82 72 68 76  0  0  0  0  0  0  0  0 -2  0  0  0  0  0  0  0  0  0  0  0 20 27  0  0  0 10 36 41 40 40 44 42 52 50 49 52 50 -1 -1 -1 -1 -1 -1 -1 -1 -1 -1 -1
-1 -1 -1 -1 -1 -1 -1 -1 -1 -1 -1 -1 -1 -1 -1 -1 -1 -1 49 49 52 51 63 57 74 13  0  0  0  0  0  0  0  0  0  0  0 33  0 52 38  5  0  0  0  0  0  0  0  0  0  0  0  0  0  9  4 11  4  1  0  0  0  0  0  0  0  0  0  0  0  0  0  0  7 40 18 89 80  0  0  0  0  0  0  0  0  0  8 -2  0 13 21 22 20  0  0  0  0  0  0  0  1  0  0  0  0 13 35 38 41 42 40 45 59 52 55 51 51 -1 -1 -1 -1 -1 -1 -1 -1 -1 -1
-1 -1 -1 -1 -1 -1 -1 -1 -1 -1 -1 -1 -1 -1 -1 -1 -1 -1 52 51 52 59 67 38 72 56  0  0  0  0  0  0  0  0  0  0  0 28  0 35 63  0  0  0  0  0  0  0  0  0  0  0  0  0  0  5  1  7  0  0  0  0  0  0  0  0  0  0  0  0  0  0  0  0  0  4 10 69 78  0  0  0  0  0  0  0  0  0  0 -2 -2 14 39 12 22 12  0  0  0  0  0  0  0  0  0  0  0  0 19 36 40 40 38 43 56 61 51 60 67 52 -1 -1 -1 -1 -1 -1 -1 -1 -1
-1 -1 -1 -1 -1 -1 -1 -1 -1 -1 -1 -1 -1 -1 -1 -1 -1 50 49 49 51 57 68 31 73 69  0  0  0  0  0  0  0  0  0  0  0 28  0  1 59 12  5  0  0  0  0  0  0 -5  0  0  0  0  0  7  0 15  0  0  0  0  0  0  0  0  0  0  0  0  0  0  0  0  0  0  0 32 86  0  0  0  0  0  0  0  0  0 -2 -2 25  0 28 29 24 30  0  0  0  0  0  0  0  0  0  0  0  0 16 31 36 34 37 37 34 38 41 52 65 51 51 -1 -1 -1 -1 -1 -1 -1 -1
-1 -1 -1 -1 -1 -1 -1 -1 -1 -1 -1 -1 -1 50 51 50 50 50 52 49 51 58 66 42 73 75  0  0  0  0  0  0  0  0  0  0  0 36 16  2 76 29 24  0  0  0  0  0  0 -8  0  0  0  0  0  0  8 34  0  0  0  0  0  0  0  0  0  0  0  0  0  0  0  0  0  0  0  5 88  0  0  0  0  0  0  0 -2  0  0  0  0  0  0 40 25 36  0  0  0  0  0  0  0  0  0  0  0  0  0 18 27 28 23 20 15 34 53 57 70 59 50 -1 -1 -1 -1 -1 -1 -1 -1
-1 -1 -1 -1 -1 -1 -1 -1 -1 -1 -1 -1 -1 50 51 49 50 51 49 49 49 61 69 49 71 76  0  0  0  0  0  0  0  0  0  0  0 10 25  1 70 29 17  0  0  0  0  0  0 -8  0  0  0  0  0  0 19  9  0  0  0  0  0  0  0  0  0  0  0  0  0  0  0  0  0  0  0  0 36  0  0  0  0  0 -2  0  0  0  0  0  0  0  0 47 17  2  0  0  0  0  0  0  0  0  0  0  0  0  0  0 11  7  3  5  7 18 34 42 53 54 -1 -1 -1 -1 -1 -1 -1 -1 -1
-1 -1 -1 -1 -1 -1 -1 -1 -1 -1 -1 -1 -1 -1 50 49 49 49 49 49 51 57 70 43 67 77  0  0  0  0  0  0  0  0  0  0  0 17 25  0 47 60 13  0  0  0  0  0  0 -8 -8  0  0  0  0  0 12  0 23  0  0  0  0  0  0  0  0  0  0  0  0  0  0  0  0  0  0  0  0  0  0  0  0  0  0  0  0 -2 -2 -2  0  0  0  0  0  0  0  0  0  0  0  0  0  0  0  0  0  0  0  0  0  0  5 11 22 27 40 47 53 51 -1 -1 -1 -1 -1 -1 -1 -1 -1
-1 -1 -1 -1 -1 -1 -1 -1 -1 -1 -1 -1 -1 -1 -1 -1 50 49 49 51 50 58 77 42 48 78  0  0  0  0  0  0  0  0  0  0  0 16 14  0 36 62 19  0  0  0  0  0  0  0 -8  0  0  0  0  0 13  6 27  0  0  0  0  0  0  0  0  0  0  0  0  0  0  0  0  0  0  0  0  0  0  0  0  0  0  0  0  0 -2 -2  0  0  0  0  0  0  0  0  0  0  0  0  0  0  0  0  0  0  0  0  0  5 14 28 35 40 49 46 51 52 50 -1 -1 -1 -1 -1 -1 -1 -1
-1 -1 -1 -1 -1 -1 -1 -1 -1 -1 -1 -1 -1 -1 -1 -1 -1 50 49 49 49 62 73 44 36 76  0  0  0  0  0  0  0  0  0  0  0 22 16  0  8 68 21  0  0  0  0  0  0  0 -8  0  0  0  0  0  2 11  2  0  0  0  0  0  0  0  0  0  0  0  0  0  0  0  0  0  0  0  0  0  0  0  0  0  0  0 -2  0  0  0  0  0  0  0  0  0  0  0  0  0  0  0  0  0  0  0  0  0  0  2 12 26 32 42 42 44 50 47 49 52 50 -1 -1 -1 -1 -1 -1 -1 -1
-1 -1 -1 -1 -1 -1 -1 -1 -1 -1 -1 -1 -1 -1 -1 -1 50 53 50 49 51 55 73 52 37 77 19  0  0  0  0  0  0  0  0  0  0 28 40  0  9 72 24  0  0  0  0  0  0  0 -8  0  0  0  0  0  0  0  0  3  0  0  0  0  0  0  0  0  0  0  0  0  0  0  0  0  0  0  0  0  0  0  0  0  0 -2 -2 -2  0  0  0  0  0  0  0  0  0  0  0  0  0  0  0  0  0  0  0  0  9 20 32 40 44 45 45 48 48 49 50 50 -1 -1 -1 -1 -1 -1 -1 -1 -1
-1 -1 -1 -1 -1 -1 -1 -1 -1 -1 -1 -1 -1 -1 -1 -1 50 51 49 49 49 51 72 53 38 76 57  0  0  0  0  0  0  0  0  0  0  0 38  0 16 71 25  0  0  0  0  0  0  0 -8  0  0  0  0  0  0  0  0  0  0  0  0  0  0  0  0  0  0  0  0  0  0  0  0  0 -2  0  0 -2  0 -2 -2 -2 -2  0  0  0  0  0  0  0  0  0  0  0  0  0  0  0  0  0  0  0  0  0  0  5 27 37 43 46 46 47 48 49 -1 50 -1 -1 -1 -1 -1 -1 -1 -1 -1 -1 -1
-1 -1 -1 -1 -1 -1 -1 -1 -1 -1 -1 -1 -1 -1 -1 -1 -1 52 49 49 51 61 73 55 42 73 60  0  0  0  0  0  0  0  0  0  0  0 39  0 36 73 40 29  0  0  0  0  0  0 -8  0  0  0  0  0  0  0  0  0  0  0  0  0  0  0  0  0  0  0  8 -2 50 -2  0  0 -2 -2  0  0  0  0  0 -2  0  0  0  0  0  0  0  0  0  0  0  0  0  0  0  0  0  0  0 17 18  8 17 31 40 45 47 48 49 49 -1 -1 -1 -1 -1 -1 -1 -1 -1 -1 -1 -1 -1 -1 -1
-1 -1 -1 -1 -1 -1 -1 -1 -1 -1 -1 -1 -1 -1 -1 -1 50 50 51 48 51 60 72 49 49 73 68  0  0  0  0  0  0  0  0  0  0  0 46  0 24 51 53 27  0  0  0  0  0  0 -8  0  0  0  0  0  0  0  0  0  0  0  0  0  0  0  0 -2 -2 -2 -2 42 70 25  4 -2  0  0  0  7  0 -2  0  0  0  0 -2  0  0  0  0  0  0  0  0  0  0  0  0  0  0  0  0 51 52 36 37 40 43 47 49 49 50 -1 -1 -1 -1 -1 -1 -1 -1 -1 -1 -1 -1 -1 -1 -1 -1
-1 -1 -1 -1 -1 -1 -1 -1 -1 -1 -1 -1 -1 -1 -1 -1 50 52 50 51 50 58 66 44 52 73 76  0  0  0  0  0  0  0  0  0  0  0 47  0  4 45 67 27  0  0  0  0  0  0 -9  0  0  0  0  0 17 10 15  4  0  0  0  0  0  0  0 -2  0  0 17 41 44 57 -2 45  0  0 17 -2 -2 -2  0  0  0  0  0  0  0  0  0  0  0  0  0  0  0  0  0  0  0  0  0 79 76 48 43 44 46 49 50 -1 -1 -1 -1 -1 -1 -1 -1 -1 -1 -1 -1 -1 -1 -1 -1 -1 -1
-1 -1 -1 -1 -1 -1 -1 -1 -1 -1 -1 -1 -1 -1 -1 -1 51 51 49 49 49 59 63 44 58 70 76  0  0  0  0  0  0  0  0  0  0  0 45 13  5 60 65 18  0  0  0  0  0  0 -8  0  0  0  0  0  0 60 32 45  0  0  0  0  0  0  0  0  0  0  0 27 28 -2 62 27 28  0 16  0  0  0  0  0  0  0  0  0  0  0  0  0  0  0  0  0  0  0  0  0  0  0  0 91 82 53 46 47 48 49 50 -1 -1 -1 -1 -1 -1 -1 -1 -1 -1 -1 -1 -1 -1 -1 -1 -1 -1
-1 -1 -1 -1 -1 -1 -1 -1 -1 -1 -1 -1 -1 -1 -1 -1 -1 51 52 50 48 56 57 42 63 73 69  0  0  0  0  0  0  0  0  0  0  0 39 19  9 55 38 11  0  0  0  0  0  0 -8 -8  0  0  0  0  0 47 17 14  0  0  0  0  0  0 -2  0  0  0  0  0 -2 59 -2 -2 16 13  0  0  0  0  0  0  0  0 -2  0  0  0  0  0  0  0  0  0  0  0  0  0  0  0  4 95 83 58 48 49 50 50 -1 -1 -1 -1 -1 -1 -1 -1 -1 -1 -1 -1 -1 -1 -1 -1 -1 -1 -1
-1 -1 -1 -1 -1 -1 -1 -1 -1 -1 -1 -1 -1 -1 -1 -1 -1 49 51 50 48 58 55 43 63 73 79  0  0  0  0 -2 -2  0  0  0  0  0 18 15  9 46 35 24  0  0  0  0  0  0  0 -8  0  0  0  0  0  4 14  0  0  0  0  0  0  0  0  0  0  0  0 -2 13 50 50  9 15  0  0  0  0  0  0  0  0  0 -2  0  0  0  0  0  0 13  0  0  0  0  0  0  0  0  2 97 86 53 50 50 50 -1 -1 -1 -1 -1 -1 -1 -1 -1 -1 -1 -1 -1 -1 -1 -1 -1 -1 -1 -1
-1 -1 -1 -1 -1 -1 -1 -1 -1 -1 -1 -1 -1 -1 -1 -1 -1 51 50 49 48 61 51 45 65 75 76  0  0  0  0  0  0  0  0  0  0  0 12  6 16 50 33 27  0  0  0  0  0  0  0 -8  0  0  0  0  0  0  0  0  0  0  0  0  0 -2  0  0  0  0 -2 -2  9  0  0  0  0  0  0  0  0  0  0  0  0  0 -2  0  0  0  0  9  0 56  0  0  0  0  0  0  0  0  0 99 87 60 -1 -1 -1 -1 -1 -1 -1 -1 -1 -1 -1 -1 -1 -1 -1 -1 -1 -1 -1 -1 -1 -1 -1
-1 -1 -1 -1 -1 -1 -1 -1 -1 -1 -1 -1 -1 -1 -1 -1 50 51 50 49 49 62 49 46 64 84 83  0  0  0  0  0  0  0  0  0  0  0 22  2 18 62 38 24  0  0  0  0  0  0  0 -8  0  0  0  0  0  0  0  0  0  0  0  0  0 -2  0  0  0 -2  0  0  0  0  0  0  0  0  0  0  0  0  0  0  0  0  0  0  0  0  0 16 29 67 24  0  0  0  0  0  0  0  0 100 87 57 50 -1 -1 -1 -1 -1 -1 -1 -1 -1 -1 -1 -1 -1 -1 -1 -1 -1 -1 -1 -1 -1 -1
-1 -1 -1 -1 -1 -1 -1 -1 -1 -1 -1 -1 -1 -1 -1 -1 52 50 51 50 49 61 48 45 56 81 88  0  0  0  0  0  0  0 -2  0  0  0 31  0  4 56 50 28  0  0  0  0  0  0  0 -8  0  0  0  0  0  0  0  0  0  0  0  0 -2 -2  0 -2 -2  0  0  0  0  0  0  0  0  0  0  0  0  0  0  0  0  0  0  0  0  0  0 15 25 57 47  1  0  0  0  0  0  0  0 100 86 57 53 -1 -1 -1 -1 -1 -1 -1 -1 -1 -1 -1 -1 -1 -1 -1 -1 -1 -1 -1 -1 -1 -1
-1 -1 -1 -1 -1 -1 -1 -1 -1 -1 -1 -1 -1 -1 -1 -1 -1 52 54 48 48 65 52 44 58 77 92  0  0  0  0  0  0  0  0  0  0  0 39 23  0 55 52 28  0  0  0  0  0  0  0 -8  0  0  0  0  0 -2  0  0  0 -2  0  0  0  0  0  0  0  0  0  0  0  0  0  0  0  0  0  0  0  0  0  0  0  0 -2 -2  0  0  0 20 23 16 49  2  0  0  0  0  0  0  0 100 87 65 50 -1 -1 -1 -1 -1 -1 -1 -1 -1 -1 -1 -1 -1 -1 -1 -1 -1 -1 -1 -1 -1 -1
-1 -1 -1 -1 -1 -1 -1 -1 -1 -1 -1 -1 -1 -1 -1 -1 50 52 54 47 48 58 56 40 58 76 88  0  0  0  0  0  0  0  0 -2  0  0 13 48  0 63 56 27 29  0  0  0  0  0  0 -8  0  0  0  0  0 -2  0  0  0 -2 -2  0  0  0 -2  0  0  0  0  0  0  0  0  0  0  0  0  0  0  0  0  0  0  0  0  0  0  0  0  2 39 23 37  6  0  0  0  0  0  0 62 100 78 51 49 -1 -1 -1 -1 -1 -1 -1 -1 -1 -1 -1 -1 -1 -1 -1 -1 -1 -1 -1 -1 -1 -1
-1 -1 -1 -1 -1 -1 -1 -1 -1 -1 -1 -1 -1 -1 -1 -1 50 53 54 47 47 53 64 40 51 77 87  4  0  0  0  0  0  0  0  0  0 -2  0 45  2 66 50 26 28  0  0  0  0  0  0 -8  0  0 -2 -2  0  0 -2  0  0  0  0  0  0 -2  0  0  0  0  0  0  0  0  0  0  0  0  0  0  0  0  0  0  0  0  0  0 -2  0  0  0 38 12 36 11  0  0  0  0  0  0 53 97 75 66 53 -1 -1 -1 -1 -1 -1 -1 -1 -1 -1 -1 -1 -1 -1 -1 -1 -1 -1 -1 -1 -1 -1
-1 -1 -1 -1 -1 -1 -1 -1 -1 -1 -1 -1 -1 -1 -1 -1 -1 52 55 49 47 56 61 41 46 73 87 55  0  0  0  0  0  0  0  0  0 -2  0 36  4 60 57 22 17  0  0 -2 -2  0  0 -8 -2 -2 -9 -2  0 -2  0  0  0  0  0  0  0  0  0  0  0  0  0  0  0  0  0  0  0  0  0  0  0  0  0  0  0  0  0  0  0 -2  0  0 45  7 40  9  0  0  0  0  0  0  0 99 84 71 49 -1 -1 -1 -1 -1 -1 -1 -1 -1 -1 -1 -1 -1 -1 -1 -1 -1 -1 -1 -1 -1 -1
-1 -1 -1 -1 -1 -1 -1 -1 -1 -1 -1 -1 -1 -1 -1 -1 -1 52 54 51 46 56 60 44 42 63 87 67  0  0  0  0  0  0  0  0  0  0 -2 29  4 -2 58 -2 -2  0 -2  0 -2 -2 -2 -2 -2  0 -2 -2  0  0  0 -2  0  0 -2 -2  0  0  0  0  0  0  0  0  0  0  0  0  0  0  0  0  0  0  0  0  0  0  0  0  0  0  0  0  0 12 31  2  0  0  0  0  0  0  1 100 88 70 51 -1 -1 -1 -1 -1 -1 -1 -1 -1 -1 -1 -1 -1 -1 -1 -1 -1 -1 -1 -1 -1 -1
-1 -1 -1 -1 -1 -1 -1 -1 -1 -1 -1 -1 -1 -1 -1 -1 -1 53 54 49 46 60 55 44 35 57 86 68  0  0  0  0  0  0  0  0  0  0 13 -2  1 20 -2 -2  0  0  0  0  0  0  0  0  0  0 -8  0  0  0  0  0  0  0  0  0  0  0  0  0  0  0  0  0  0  0  0  0  0  0  0  0  0  0  0  0  0  0  0  0  0  0  0  0  0  1 13  0  0  0  0  0  0  0  2 100 93 73 51 50 -1 -1 -1 -1 -1 -1 -1 -1 -1 -1 -1 -1 -1 -1 -1 -1 -1 -1 -1 -1 -1
-1 -1 -1 -1 -1 -1 -1 -1 -1 -1 -1 -1 -1 -1 -1 -1 -1 54 53 48 46 62 51 43 38 55 85 73  0  0  0  0  0  0  0  0  0  0 19 34  0 17 37 27 15 -2 -2  0 -2 -2  0  0  0  0 -8  0  0  0  0  0  0  0  0  0  0  0  0  0  0  0  0  0  0  0  0  0  0  0  0  0  0  0  0  0  0  0  0  0  0  0  0  0  0  0  4  0  0  0  0  0  0  0  4 99 89 72 53 51 -1 -1 -1 -1 -1 -1 -1 -1 -1 -1 -1 -1 -1 -1 -1 -1 -1 -1 -1 -1 -1
-1 -1 -1 -1 -1 -1 -1 -1 -1 -1 -1 -1 -1 -1 -1 -1 -1 52 55 49 46 66 54 44 33 45 85 75  0  0  0  0  0  0  0  0  0 -2 12 -2 -2 26 38 -2 29  0  0  0  0  0  0  0  0  0 -8  0  0  0  0  0  0  0  0  0  0  0  0  0  0  0  0  0  0  0  0  0  0  0  0  0  0  0  0  0  0  0  0  0  0  0  0  0  0 -2  0  0  0  0  0  0  0  0  4 100 91 70 56 51 -1 -1 -1 -1 -1 -1 -1 -1 -1 -1 -1 -1 -1 -1 -1 -1 -1 -1 -1 -1 -1
-1 -1 -1 -1 -1 -1 -1 -1 -1 -1 -1 -1 -1 -1 -1 -1 -1 50 57 48 46 69 58 43 26 36 75 75  0  0  0  0  0  0  0  0 -2  0  0 38  0 35 44 20 23  0  0  0  0  0  0  0  0  0 -8  0  0  0  0  0  0  0  0  0  0  0  0  0  0  0  0  0  0  0  0  0  0  0  8  7 66 36  0  0  0  0  0  0  0  0  0  0  0  0  0  0  0  0  0  0  0  0  4 100 88 67 54 49 -1 -1 -1 -1 -1 -1 -1 -1 -1 -1 -1 -1 -1 -1 -1 -1 -1 -1 -1 -1 -1
-1 -1 -1 -1 -1 -1 -1 -1 -1 -1 -1 -1 -1 -1 -1 -1 -1 -1 58 47 46 64 69 44 20 33 63 75  0  0  0  0  0  0  0  0  0  0  0 41  0 26 58 48 28  0  0  0  0  0  0  0  0  0 -8  0  0  0  0  0  0  0  0  0  0  0  0  0  0  0  0  0  0  0  0  0  0  0 27 18 68 58  3  0  0  0  0  0  0  0  0  0  0  0  0  0  0  0  0  0  0  0 38 100 89 68 58 53 -1 -1 -1 -1 -1 -1 -1 -1 -1 -1 -1 -1 -1 -1 -1 -1 -1 -1 -1 -1 -1
-1 -1 -1 -1 -1 -1 -1 -1 -1 -1 -1 -1 -1 -1 -1 -1 -1 51 58 46 47 57 75 61  9 44 62 74  0  0  0  0  0  0  0  0  0  0  0 47  0  9 46 49 28  0  0  0  0  0  0  0  0  0 -8  0  0  0  0  0  0  0  0  0  0  0  0  0  0  0  0  0  0  0  0  0  0  0 34 11 33 56  4  0  0  0  0  0  0  0  0  0  0  0 -2  0  0  0  0  0  0  0 52 99 78 61 55 49 -1 -1 -1 -1 -1 -1 -1 -1 -1 -1 -1 -1 -1 -1 -1 -1 -1 -1 -1 -1 -1
-1 -1 -1 -1 -1 -1 -1 -1 -1 -1 -1 -1 -1 -1 -1 -1 -1 52 56 46 48 57 73 70 43 47 61 73  0  0  0  0  0  0  0  0  0  0  0 46  0  4 56 44 30 10  0  0  0  0  0  0  0  0 -8  0  0  0  0  0  0  0  0  0  0  0  0  0  0  0  0  0  0  0  0  0  0  9 42 13 38 54 44  0  0  0  0  0  0  0  0  0  0  3  0  4  0  0  0  0  0  0 54 100 88 65 58 53 -1 -1 -1 -1 -1 -1 -1 -1 -1 -1 -1 -1 -1 -1 -1 -1 -1 -1 -1 -1 -1
-1 -1 -1 -1 -1 -1 -1 -1 -1 -1 -1 -1 -1 -1 -1 -1 -1 53 55 46 48 58 63 47 42 49 59 73  0  0  0  0  0  0  0  0  0  0  0 27 33  3 50 39 30 15  0  0  0  0  0  0  0  0 -8  0  0  0  0  0  0  0  0  0  0  0  0  0  0  0  0  0  0  0  0  0  0  7 35 49 49 51 36 48  2  0  0  0  0  0  0  0  0  0  0 -2  0  0  0  0  0  0 71 100 84 55 60 50 -1 -1 -1 -1 -1 -1 -1 -1 -1 -1 -1 -1 -1 -1 -1 -1 -1 -1 -1 -1 -1
-1 -1 -1 -1 -1 -1 -1 -1 -1 -1 -1 -1 -1 -1 -1 -1 -1 54 55 47 47 60 56 27 36 26 40 73 45  0  0  0  0  0  0  0  0  0  0  5 21  5 57 47 21  4  0  0  0  0  0  0  0  0 -8 -2  0  0  0  0  0  0  0  0  0  0  0  0  0  0  0  0  0  0  0  0  0  0  6 45 48 48  0  0  3  0  0  0  0  0  0  0  0  0  2 -2  0  0  0  0  0  0 73 99 71 57 60 49 -1 -1 -1 -1 -1 -1 -1 -1 -1 -1 -1 -1 -1 -1 -1 -1 -1 -1 -1 -1 -1
-1 -1 -1 -1 -1 -1 -1 -1 -1 -1 -1 -1 -1 -1 -1 -1 -1 55 54 47 46 62 52 27 37 42 55 75 56  0  0  0  0  0  0  0  0  0  0  7 10  5 26 40 35  0  0  0  0  0  0  0  0  0 -2  0 -2  0  0  0  0 -2 -2  0  0  0  0  0  0  0  0  0  0  0  0  0  0  2  2 40 42 26  0  0  0  0  0  0  0  0  0  0  0  0  0 47  0  0  0  0  0  0 84 100 83 50 59 53 -1 -1 -1 -1 -1 -1 -1 -1 -1 -1 -1 -1 -1 -1 -1 -1 -1 -1 -1 -1 -1
-1 -1 -1 -1 -1 -1 -1 -1 -1 -1 -1 -1 -1 -1 -1 -1 -1 56 53 47 46 64 49 29 34 25 38 75 62  0  0  0  0  0  0  0  0  0  0 11  0  4 14 26 31  0  0  0  0  0  0  0  0  0  0  0  0 -2 -2  0 -2 -2 -2 -2  0  0  0  0  0  0  0  0  0  0  0  0  0  2 11 34 49 31  0  0  0  0  0  0  0  3  0  0 10  0  1 54 -2  0  0  0  0  0 95 100 77 57 61 49 -1 -1 -1 -1 -1 -1 -1 -1 -1 -1 -1 -1 -1 -1 -1 -1 -1 -1 -1 -1 -1
-1 -1 -1 -1 -1 -1 -1 -1 -1 -1 -1 -1 -1 -1 -1 -1 -1 55 50 49 47 65 51 37 43 38 48 76 70  0  0  0  0  0  0  0  0  0  0 20  0  0 21 35 30 27  0  0  0  0  0  0  0  0  0  0  0  0  0 -2  0  0  0  0  0  0  0  0  0  0  0  0  0  0  0  0  0  0 14 20 27  0  0  0  0  0  0  0  0  0  0  0  2  0  4 37 47 -2  0  0  0  0 93 99 69 44 54 49 -1 -1 -1 -1 -1 -1 -1 -1 -1 -1 -1 -1 -1 -1 -1 -1 -1 -1 -1 -1 -1
-1 -1 -1 -1 -1 -1 -1 -1 -1 -1 -1 -1 -1 -1 -1 -1 -1 54 53 49 47 59 54 45 70 62 48 75 70  0  0  0  0  0  0  0  0  0  0 25  7  0 31 57 30 31  0  0  0  0  0  0  0  0  0  0  0  0  0 -2  0  0  0  0  0  0  0  0  0  0  0  0  0  0  0  0  0  0  0  0  0  0  0  0  0  0  0  0  0  0  0  0  3  8  4 30 48  0  0  0  0  0 92 99 76 62 58 49 -1 -1 -1 -1 -1 -1 -1 -1 -1 -1 -1 -1 -1 -1 -1 -1 -1 -1 -1 -1 -1
-1 -1 -1 -1 -1 -1 -1 -1 -1 -1 -1 -1 -1 -1 -1 -1 -1 50 54 47 47 52 56 49 60 76 54 75 75  0  0  0  0  0  0  0  0  0  0 10 45  0 44 71 15 26  0  0  0  0  0  0  0  0  0  0  0  0  0  0  0  0  0  0  0  0  0  0  0  0  0  0  0  0  0  0  0  0  0  0  0  0  0  0  0  0  0  0  0  0  0  0  1 29 20 32 50 42  0  0  0  0 93 100 88 78 70 53 -1 -1 -1 -1 -1 -1 -1 -1 -1 -1 -1 -1 -1 -1 -1 -1 -1 -1 -1 -1 -1
-1 -1 -1 -1 -1 -1 -1 -1 -1 -1 -1 -1 -1 -1 -1 -1 -1 50 54 48 48 52 57 49 65 67 29 75 78  0  0  0  0  0  0  0  0  0  0  0 47  0 40 63 49 30  0  0  0  0  0  0  0  0  0  0  0  0  0  0  0  0  0  0  0  0  0  0  0  0  0  0  0  0  0  0  0  0  0  0  0  0  0  0  0  0  0  0  0  0  0  0  0 29 36 49 29  5  0  0  5 14 98 100 84 56 51 50 -1 -1 -1 -1 -1 -1 -1 -1 -1 -1 -1 -1 -1 -1 -1 -1 -1 -1 -1 -1 -1
-1 -1 -1 -1 -1 -1 -1 -1 -1 -1 -1 -1 -1 -1 -1 -1 -1 51 53 48 49 53 57 50 66 58 30 71 84 77 59 67  0  0  0  0  0  0  0  0 46  2 59 60 60 30  4  0  0  0  0  0  0  0  0  0  0  0  0  0  0  0  0  0  0  0  0  0  0  0  0  0  0  0  0  0  0  0  0  0  0  0  0  0  0  0  0  0  0  0  0  0  0 34 28 47 25 12 71 80 97 99 100 85 51 50 -1 -1 -1 -1 -1 -1 -1 -1 -1 -1 -1 -1 -1 -1 -1 -1 -1 -1 -1 -1 -1 -1 -1
-1 -1 -1 -1 -1 -1 -1 -1 -1 -1 -1 -1 -1 -1 -1 -1 -1 51 53 48 50 56 60 51 56 45 39 71 87 84 70 82 79  0  0  0  0  0  0  0 31 41 51 62 73 68 78 69 57 18  0  0  0  0  0  0  0  0  0  0  0  0  0  0  0  0  0  0  0  0  0  0  0  0  0  0  0  0  0  0  0  0  0  0  0  0  0  0  0 23 20 39 58 83 94 88 98 100 100 99 96 74 56 50 -1 -1 -1 -1 -1 -1 -1 -1 -1 -1 -1 -1 -1 -1 -1 -1 -1 -1 -1 -1 -1 -1 -1 -1 -1
-1 -1 -1 -1 -1 -1 -1 -1 -1 -1 -1 -1 -1 -1 -1 -1 51 51 50 49 51 56 59 56 58 61 53 74 95 91 36 56 81  0  0  0  0  6 14 12  3  5  8 50 64 59 71 78 55 14  0  0  0  0  0  0  0  0  0  0  0  0  0  0  0  0  0  0  0  0  0  0  0  0  0  0  0  0  0  0  0 14 29 39 36 59 61 86 76 77 84 91 91 97 100 100 97 84 67 56 51 -1 -1 -1 -1 -1 -1 -1 -1 -1 -1 -1 -1 -1 -1 -1 -1 -1 -1 -1 -1 -1 -1 -1 -1 -1 -1 -1 -1
-1 -1 -1 -1 -1 -1 -1 -1 -1 -1 -1 -1 -1 -1 -1 -1 50 50 50 50 51 51 49 51 53 54 49 64 98 98 46 67 85 35 39 37 23 23 33 38 42 44 46 49 36 25 43 57 36 20  0  0  0  0  0  0  0  0  0  0  0  0  0  0  0  0  0  0  0  0  0  0  0  0  5 22 45 60 80 79 77 84 87 90 81 85 81 71 80 69 65 59 56 43 53 52 50 -1 -1 -1 -1 -1 -1 -1 -1 -1 -1 -1 -1 -1 -1 -1 -1 -1 -1 -1 -1 -1 -1 -1 -1 -1 -1 -1 -1 -1 -1 -1 -1
-1 -1 -1 -1 -1 -1 -1 -1 -1 -1 -1 -1 -1 -1 -1 -1 -1 -1 -1 -1 51 50 49 49 49 53 47 55 96 95 48 49 11  3  5 13 15 16 17 16 17 23 22 29 26 52 64 61 46 22  4  0  0  0  0  0  0  0  0  0  0  0  0  0  0  0  6 22 40 57 77 72 73 87 87 89 89 93 87 85 81 73 65 65 61 59 54 58 53 58 53 47 38 41 46 48 51 -1 -1 -1 -1 -1 -1 -1 -1 -1 -1 -1 -1 -1 -1 -1 -1 -1 -1 -1 -1 -1 -1 -1 -1 -1 -1 -1 -1 -1 -1 -1 -1
-1 -1 -1 -1 -1 -1 -1 -1 -1 -1 -1 -1 -1 -1 -1 -1 -1 -1 -1 -1 52 50 49 49 49 53 47 49 93 99 100 100 100 100 100 100 99 98 98 95 96 95 95 95 96 100 97 80 55 27 13  1  0  0  0  0  0  1  0  3 34 44 53 68 88 91 89 87 89 92 93 92 89 84 79 78 78 69 54 58 56 53 53 52 51 51 53 51 50 53 49 42 39 48 47 45 -1 -1 -1 -1 -1 -1 -1 -1 -1 -1 -1 -1 -1 -1 -1 -1 -1 -1 -1 -1 -1 -1 -1 -1 -1 -1 -1 -1 -1 -1 -1 -1 -1
-1 -1 -1 -1 -1 -1 -1 -1 -1 -1 -1 -1 -1 -1 -1 -1 -1 -1 -1 -1 52 50 49 49 51 49 49 49 53 74 93 91 97 96 98 98 98 99 99 99 100 100 99 100 100 96 86 89 89 89 87 84 86 91 92 91 91 88 84 82 91 94 93 89 80 62 68 67 68 69 61 61 60 58 60 60 53 45 47 50 51 49 51 50 50 50 49 51 50 49 42 34 42 50 49 44 -1 -1 -1 -1 -1 -1 -1 -1 -1 -1 -1 -1 -1 -1 -1 -1 -1 -1 -1 -1 -1 -1 -1 -1 -1 -1 -1 -1 -1 -1 -1 -1 -1
-1 -1 -1 -1 -1 -1 -1 -1 -1 -1 -1 -1 -1 -1 -1 -1 -1 -1 -1 -1 52 49 49 49 50 50 50 50 51 48 51 55 60 58 55 51 52 53 56 61 62 64 66 69 69 72 65 74 81 81 90 92 93 92 84 77 76 70 63 61 65 56 51 39 24 25 35 38 44 54 52 51 51 51 53 51 50 46 39 44 49 49 49 50 51 51 52 49 52 43 35 41 -1 -1 49 44 50 -1 -1 -1 -1 -1 -1 -1 -1 -1 -1 -1 -1 -1 -1 -1 -1 -1 -1 -1 -1 -1 -1 -1 -1 -1 -1 -1 -1 -1 -1 -1 -1
-1 -1 -1 -1 -1 -1 -1 -1 -1 -1 -1 -1 -1 -1 -1 -1 -1 -1 -1 50 51 49 -1 -1 -1 -1 -1 50 52 49 48 50 58 53 55 51 56 54 58 61 63 63 64 65 68 68 59 51 51 50 49 49 46 46 49 49 48 46 45 46 49 -1 50 49 36 23 27 37 43 54 56 -1 -1 -1 -1 49 49 46 38 42 49 51 51 50 51 50 51 51 46 38 40 49 -1 -1 49 45 49 -1 -1 -1 -1 -1 -1 -1 -1 -1 -1 -1 -1 -1 -1 -1 -1 -1 -1 -1 -1 -1 -1 -1 -1 -1 -1 -1 -1 -1 -1 -1 -1
-1 -1 -1 -1 -1 -1 -1 -1 -1 -1 -1 -1 -1 -1 -1 -1 -1 -1 -1 -1 -1 -1 -1 -1 -1 -1 -1 50 52 49 46 49 53 56 55 56 57 56 54 51 51 51 50 50 51 52 50 49 50 53 50 45 44 46 45 46 45 46 46 49 -1 -1 50 53 48 36 25 26 39 49 55 50 -1 -1 -1 -1 -1 50 45 45 51 51 50 -1 -1 -1 -1 49 41 36 45 -1 -1 -1 49 45 49 -1 -1 -1 -1 -1 -1 -1 -1 -1 -1 -1 -1 -1 -1 -1 -1 -1 -1 -1 -1 -1 -1 -1 -1 -1 -1 -1 -1 -1 -1 -1 -1
-1 -1 -1 -1 -1 -1 -1 -1 -1 -1 -1 -1 -1 -1 -1 -1 -1 -1 -1 -1 -1 -1 -1 -1 -1 -1 -1 50 52 48 46 47 50 51 50 50 49 49 49 50 -1 -1 -1 -1 -1 50 53 51 -1 50 47 44 45 45 45 45 47 47 47 50 -1 -1 -1 -1 50 46 37 26 27 39 49 50 -1 -1 -1 -1 -1 52 51 52 51 50 -1 -1 -1 -1 49 42 34 42 -1 -1 -1 -1 49 45 47 -1 -1 -1 -1 -1 -1 -1 -1 -1 -1 -1 -1 -1 -1 -1 -1 -1 -1 -1 -1 -1 -1 -1 -1 -1 -1 -1 -1 -1 -1 -1 -1
-1 -1 -1 -1 -1 -1 -1 -1 -1 -1 -1 -1 -1 -1 -1 -1 -1 -1 -1 -1 -1 -1 -1 -1 -1 -1 -1 50 51 48 46 49 -1 50 49 49 49 50 50 -1 -1 -1 -1 -1 -1 -1 -1 -1 50 48 44 45 45 47 48 47 54 51 49 -1 -1 -1 -1 -1 -1 50 45 37 28 28 41 48 50 -1 -1 -1 -1 49 46 46 49 -1 -1 -1 -1 50 44 36 41 -1 -1 -1 -1 -1 49 46 47 -1 -1 -1 -1 -1 -1 -1 -1 -1 -1 -1 -1 -1 -1 -1 -1 -1 -1 -1 -1 -1 -1 -1 -1 -1 -1 -1 -1 -1 -1 -1 -1
-1 -1 -1 -1 -1 -1 -1 -1 -1 -1 -1 -1 -1 -1 -1 -1 -1 -1 -1 -1 -1 -1 -1 -1 -1 -1 -1 50 50 48 47 -1 50 49 49 49 50 -1 -1 -1 -1 -1 -1 -1 -1 -1 -1 50 50 47 46 49 46 51 54 50 53 51 -1 -1 -1 -1 -1 -1 -1 -1 50 44 36 28 30 41 48 50 -1 -1 -1 49 48 45 49 -1 -1 -1 -1 47 39 38 47 -1 -1 -1 -1 -1 49 46 47 50 -1 -1 -1 -1 -1 -1 -1 -1 -1 -1 -1 -1 -1 -1 -1 -1 -1 -1 -1 -1 -1 -1 -1 -1 -1 -1 -1 -1 -1 -1 -1
-1 -1 -1 -1 -1 -1 -1 -1 -1 -1 -1 -1 -1 -1 -1 -1 -1 -1 -1 -1 -1 -1 -1 -1 -1 -1 -1 -1 50 47 48 50 49 49 49 50 -1 -1 -1 -1 -1 -1 -1 -1 -1 -1 -1 50 53 52 52 54 49 53 50 -1 -1 -1 -1 -1 -1 -1 -1 -1 -1 -1 -1 49 44 35 29 30 42 48 50 -1 -1 50 47 44 48 50 -1 -1 49 42 36 44 -1 -1 -1 -1 -1 -1 50 49 53 53 -1 -1 -1 -1 -1 -1 -1 -1 -1 -1 -1 -1 -1 -1 -1 -1 -1 -1 -1 -1 -1 -1 -1 -1 -1 -1 -1 -1 -1 -1 -1
-1 -1 -1 -1 -1 -1 -1 -1 -1 -1 -1 -1 -1 -1 -1 -1 -1 -1 -1 -1 -1 -1 -1 -1 -1 -1 -1 50 49 46 49 49 49 49 50 -1 -1 -1 -1 -1 -1 -1 -1 -1 -1 -1 -1 50 55 51 51 51 50 -1 -1 -1 -1 -1 -1 -1 -1 -1 -1 -1 -1 -1 -1 -1 50 44 38 33 35 47 52 49 50 -1 49 56 56 50 -1 51 49 38 41 -1 -1 -1 -1 -1 -1 -1 51 51 51 50 -1 -1 -1 -1 -1 -1 -1 -1 -1 -1 -1 -1 -1 -1 -1 -1 -1 -1 -1 -1 -1 -1 -1 -1 -1 -1 -1 -1 -1 -1 -1
-1 -1 -1 -1 -1 -1 -1 -1 -1 -1 -1 -1 -1 -1 -1 -1 -1 -1 -1 -1 -1 -1 -1 -1 -1 -1 -1 50 48 47 50 49 49 50 -1 -1 -1 -1 -1 -1 -1 -1 -1 -1 -1 -1 -1 -1 -1 -1 -1 -1 -1 -1 -1 -1 -1 -1 -1 -1 -1 -1 -1 -1 -1 -1 -1 -1 50 47 44 42 36 60 59 51 51 -1 52 56 51 50 -1 55 61 53 48 -1 -1 -1 -1 -1 -1 -1 50 50 49 -1 -1 -1 -1 -1 -1 -1 -1 -1 -1 -1 -1 -1 -1 -1 -1 -1 -1 -1 -1 -1 -1 -1 -1 -1 -1 -1 -1 -1 -1 -1 -1
-1 -1 -1 -1 -1 -1 -1 -1 -1 -1 -1 -1 -1 -1 -1 -1 -1 -1 -1 -1 -1 -1 -1 -1 -1 -1 -1 50 47 48 50 50 50 -1 -1 -1 -1 -1 -1 -1 -1 -1 -1 -1 -1 -1 -1 -1 -1 -1 -1 -1 -1 -1 -1 -1 -1 -1 -1 -1 -1 -1 -1 -1 -1 -1 -1 -1 -1 50 54 58 49 69 55 50 51 -1 50 50 50 -1 -1 -1 54 56 -1 -1 -1 -1 -1 -1 -1 -1 -1 51 53 -1 -1 -1 -1 -1 -1 -1 -1 -1 -1 -1 -1 -1 -1 -1 -1 -1 -1 -1 -1 -1 -1 -1 -1 -1 -1 -1 -1 -1 -1 -1 -1
-1 -1 -1 -1 -1 -1 -1 -1 -1 -1 -1 -1 -1 -1 -1 -1 -1 -1 -1 -1 -1 -1 -1 -1 -1 -1 50 49 46 49 -1 -1 -1 -1 -1 -1 -1 -1 -1 -1 -1 -1 -1 -1 -1 -1 -1 -1 -1 -1 -1 -1 -1 -1 -1 -1 -1 -1 -1 -1 -1 -1 -1 -1 -1 -1 -1 -1 -1 -1 -1 -1 50 53 -1 -1 -1 -1 -1 -1 -1 -1 -1 -1 -1 -1 -1 -1 -1 -1 -1 -1 -1 -1 -1 50 50 -1 -1 -1 -1 -1 -1 -1 -1 -1 -1 -1 -1 -1 -1 -1 -1 -1 -1 -1 -1 -1 -1 -1 -1 -1 -1 -1 -1 -1 -1 -1 -1
-1 -1 -1 -1 -1 -1 -1 -1 -1 -1 -1 -1 -1 -1 -1 -1 -1 -1 -1 -1 -1 -1 -1 -1 -1 -1 50 48 47 -1 -1 -1 -1 -1 -1 -1 -1 -1 -1 -1 -1 -1 -1 -1 -1 -1 -1 -1 -1 -1 -1 -1 -1 -1 -1 -1 -1 -1 -1 -1 -1 -1 -1 -1 -1 -1 -1 -1 -1 -1 -1 -1 -1 -1 -1 -1 -1 -1 -1 -1 -1 -1 -1 -1 -1 -1 -1 -1 -1 -1 -1 -1 -1 -1 -1 -1 -1 -1 -1 -1 -1 -1 -1 -1 -1 -1 -1 -1 -1 -1 -1 -1 -1 -1 -1 -1 -1 -1 -1 -1 -1 -1 -1 -1 -1 -1 -1 -1 -1
-1 -1 -1 -1 -1 -1 -1 -1 -1 -1 -1 -1 -1 -1 -1 -1 -1 -1 -1 -1 -1 -1 -1 -1 -1 -1 50 47 48 -1 -1 -1 -1 -1 -1 -1 -1 -1 -1 -1 -1 -1 -1 -1 -1 -1 -1 -1 -1 -1 -1 -1 -1 -1 -1 -1 -1 -1 -1 -1 -1 -1 -1 -1 -1 -1 -1 -1 -1 -1 -1 -1 -1 -1 -1 -1 -1 -1 -1 -1 -1 -1 -1 -1 -1 -1 -1 -1 -1 -1 -1 -1 -1 -1 -1 -1 -1 -1 -1 -1 -1 -1 -1 -1 -1 -1 -1 -1 -1 -1 -1 -1 -1 -1 -1 -1 -1 -1 -1 -1 -1 -1 -1 -1 -1 -1 -1 -1 -1
-1 -1 -1 -1 -1 -1 -1 -1 -1 -1 -1 -1 -1 -1 -1 -1 -1 -1 -1 -1 -1 -1 -1 -1 -1 -1 49 47 49 -1 -1 -1 -1 -1 -1 -1 -1 -1 -1 -1 -1 -1 -1 -1 -1 -1 -1 -1 -1 -1 -1 -1 -1 -1 -1 -1 -1 -1 -1 -1 -1 -1 -1 -1 -1 -1 -1 -1 -1 -1 -1 -1 -1 -1 -1 -1 -1 -1 -1 -1 -1 -1 -1 -1 -1 -1 -1 -1 -1 -1 -1 -1 -1 -1 -1 -1 -1 -1 -1 -1 -1 -1 -1 -1 -1 -1 -1 -1 -1 -1 -1 -1 -1 -1 -1 -1 -1 -1 -1 -1 -1 -1 -1 -1 -1 -1 -1 -1 -1
-1 -1 -1 -1 -1 -1 -1 -1 -1 -1 -1 -1 -1 -1 -1 -1 -1 -1 -1 -1 -1 -1 -1 -1 -1 50 51 47 49 -1 -1 -1 -1 -1 -1 -1 -1 -1 -1 -1 -1 -1 -1 -1 -1 -1 -1 -1 -1 -1 -1 -1 -1 -1 -1 -1 -1 -1 -1 -1 -1 -1 -1 -1 -1 -1 -1 -1 -1 -1 -1 -1 -1 -1 -1 -1 -1 -1 -1 -1 -1 -1 -1 -1 -1 -1 -1 -1 -1 -1 -1 -1 -1 -1 -1 -1 -1 -1 -1 -1 -1 -1 -1 -1 -1 -1 -1 -1 -1 -1 -1 -1 -1 -1 -1 -1 -1 -1 -1 -1 -1 -1 -1 -1 -1 -1 -1 -1 -1
-1 -1 -1 -1 -1 -1 -1 -1 -1 -1 -1 -1 -1 -1 -1 -1 -1 -1 -1 -1 -1 -1 -1 -1 -1 50 50 47 -1 -1 -1 -1 -1 -1 -1 -1 -1 -1 -1 -1 -1 -1 -1 -1 -1 -1 -1 -1 -1 -1 -1 -1 -1 -1 -1 -1 -1 -1 -1 -1 -1 -1 -1 -1 -1 -1 -1 -1 -1 -1 -1 -1 -1 -1 -1 -1 -1 -1 -1 -1 -1 -1 -1 -1 -1 -1 -1 -1 -1 -1 -1 -1 -1 -1 -1 -1 -1 -1 -1 -1 -1 -1 -1 -1 -1 -1 -1 -1 -1 -1 -1 -1 -1 -1 -1 -1 -1 -1 -1 -1 -1 -1 -1 -1 -1 -1 -1 -1 -1
-1 -1 -1 -1 -1 -1 -1 -1 -1 -1 -1 -1 -1 -1 -1 -1 -1 -1 -1 -1 -1 -1 -1 -1 -1 50 48 49 -1 -1 -1 -1 -1 -1 -1 -1 -1 -1 -1 -1 -1 -1 -1 -1 -1 -1 -1 -1 -1 -1 -1 -1 -1 -1 -1 -1 -1 -1 -1 -1 -1 -1 -1 -1 -1 -1 -1 -1 -1 -1 -1 -1 -1 -1 -1 -1 -1 -1 -1 -1 -1 -1 -1 -1 -1 -1 -1 -1 -1 -1 -1 -1 -1 -1 -1 -1 -1 -1 -1 -1 -1 -1 -1 -1 -1 -1 -1 -1 -1 -1 -1 -1 -1 -1 -1 -1 -1 -1 -1 -1 -1 -1 -1 -1 -1 -1 -1 -1 -1
-1 -1 -1 -1 -1 -1 -1 -1 -1 -1 -1 -1 -1 -1 -1 -1 -1 -1 -1 -1 -1 -1 -1 -1 50 49 47 49 -1 -1 -1 -1 -1 -1 -1 -1 -1 -1 -1 -1 -1 -1 -1 -1 -1 -1 -1 -1 -1 -1 -1 -1 -1 -1 -1 -1 -1 -1 -1 -1 -1 -1 -1 -1 -1 -1 -1 -1 -1 -1 -1 -1 -1 -1 -1 -1 -1 -1 -1 -1 -1 -1 -1 -1 -1 -1 -1 -1 -1 -1 -1 -1 -1 -1 -1 -1 -1 -1 -1 -1 -1 -1 -1 -1 -1 -1 -1 -1 -1 -1 -1 -1 -1 -1 -1 -1 -1 -1 -1 -1 -1 -1 -1 -1 -1 -1 -1 -1 -1
-1 -1 -1 -1 -1 -1 -1 -1 -1 -1 -1 -1 -1 -1 -1 -1 -1 -1 -1 -1 -1 -1 -1 -1 50 48 47 -1 -1 -1 -1 -1 -1 -1 -1 -1 -1 -1 -1 -1 -1 -1 -1 -1 -1 -1 -1 -1 -1 -1 -1 -1 -1 -1 -1 -1 -1 -1 -1 -1 -1 -1 -1 -1 -1 -1 -1 -1 -1 -1 -1 -1 -1 -1 -1 -1 -1 -1 -1 -1 -1 -1 -1 -1 -1 -1 -1 -1 -1 -1 -1 -1 -1 -1 -1 -1 -1 -1 -1 -1 -1 -1 -1 -1 -1 -1 -1 -1 -1 -1 -1 -1 -1 -1 -1 -1 -1 -1 -1 -1 -1 -1 -1 -1 -1 -1 -1 -1 -1
-1 -1 -1 -1 -1 -1 -1 -1 -1 -1 -1 -1 -1 -1 -1 -1 -1 -1 -1 -1 -1 -1 -1 -1 50 48 49 -1 -1 -1 -1 -1 -1 -1 -1 -1 -1 -1 -1 -1 -1 -1 -1 -1 -1 -1 -1 -1 -1 -1 -1 -1 -1 -1 -1 -1 -1 -1 -1 -1 -1 -1 -1 -1 -1 -1 -1 -1 -1 -1 -1 -1 -1 -1 -1 -1 -1 -1 -1 -1 -1 -1 -1 -1 -1 -1 -1 -1 -1 -1 -1 -1 -1 -1 -1 -1 -1 -1 -1 -1 -1 -1 -1 -1 -1 -1 -1 -1 -1 -1 -1 -1 -1 -1 -1 -1 -1 -1 -1 -1 -1 -1 -1 -1 -1 -1 -1 -1 -1
-1 -1 -1 -1 -1 -1 -1 -1 -1 -1 -1 -1 -1 -1 -1 -1 -1 -1 -1 -1 -1 -1 -1 50 49 47 49 -1 -1 -1 -1 -1 -1 -1 -1 -1 -1 -1 -1 -1 -1 -1 -1 -1 -1 -1 -1 -1 -1 -1 -1 -1 -1 -1 -1 -1 -1 -1 -1 -1 -1 -1 -1 -1 -1 -1 -1 -1 -1 -1 -1 -1 -1 -1 -1 -1 -1 -1 -1 -1 -1 -1 -1 -1 -1 -1 -1 -1 -1 -1 -1 -1 -1 -1 -1 -1 -1 -1 -1 -1 -1 -1 -1 -1 -1 -1 -1 -1 -1 -1 -1 -1 -1 -1 -1 -1 -1 -1 -1 -1 -1 -1 -1 -1 -1 -1 -1 -1 -1
-1 -1 -1 -1 -1 -1 -1 -1 -1 -1 -1 -1 -1 -1 -1 -1 -1 -1 -1 -1 -1 -1 -1 50 48 47 50 -1 -1 -1 -1 -1 -1 -1 -1 -1 -1 -1 -1 -1 -1 -1 -1 -1 -1 -1 -1 -1 -1 -1 -1 -1 -1 -1 -1 -1 -1 -1 -1 -1 -1 -1 -1 -1 -1 -1 -1 -1 -1 -1 -1 -1 -1 -1 -1 -1 -1 -1 -1 -1 -1 -1 -1 -1 -1 -1 -1 -1 -1 -1 -1 -1 -1 -1 -1 -1 -1 -1 -1 -1 -1 -1 -1 -1 -1 -1 -1 -1 -1 -1 -1 -1 -1 -1 -1 -1 -1 -1 -1 -1 -1 -1 -1 -1 -1 -1 -1 -1 -1
-1 -1 -1 -1 -1 -1 -1 -1 -1 -1 -1 -1 -1 -1 -1 -1 -1 -1 -1 -1 -1 -1 -1 50 48 49 -1 -1 -1 -1 -1 -1 -1 -1 -1 -1 -1 -1 -1 -1 -1 -1 -1 -1 -1 -1 -1 -1 -1 -1 -1 -1 -1 -1 -1 -1 -1 -1 -1 -1 -1 -1 -1 -1 -1 -1 -1 -1 -1 -1 -1 -1 -1 -1 -1 -1 -1 -1 -1 -1 -1 -1 -1 -1 -1 -1 -1 -1 -1 -1 -1 -1 -1 -1 -1 -1 -1 -1 -1 -1 -1 -1 -1 -1 -1 -1 -1 -1 -1 -1 -1 -1 -1 -1 -1 -1 -1 -1 -1 -1 -1 -1 -1 -1 -1 -1 -1 -1 -1
-1 -1 -1 -1 -1 -1 -1 -1 -1 -1 -1 -1 -1 -1 -1 -1 -1 -1 -1 -1 -1 -1 50 49 48 49 -1 -1 -1 -1 -1 -1 -1 -1 -1 -1 -1 -1 -1 -1 -1 -1 -1 -1 -1 -1 -1 -1 -1 -1 -1 -1 -1 -1 -1 -1 -1 -1 -1 -1 -1 -1 -1 -1 -1 -1 -1 -1 -1 -1 -1 -1 -1 -1 -1 -1 -1 -1 -1 -1 -1 -1 -1 -1 -1 -1 -1 -1 -1 -1 -1 -1 -1 -1 -1 -1 -1 -1 -1 -1 -1 -1 -1 -1 -1 -1 -1 -1 -1 -1 -1 -1 -1 -1 -1 -1 -1 -1 -1 -1 -1 -1 -1 -1 -1 -1 -1 -1 -1
-1 -1 -1 -1 -1 -1 -1 -1 -1 -1 -1 -1 -1 -1 -1 -1 -1 -1 -1 -1 -1 -1 50 48 47 49 -1 -1 -1 -1 -1 -1 -1 -1 -1 -1 -1 -1 -1 -1 -1 -1 -1 -1 -1 -1 -1 -1 -1 -1 -1 -1 -1 -1 -1 -1 -1 -1 -1 -1 -1 -1 -1 -1 -1 -1 -1 -1 -1 -1 -1 -1 -1 -1 -1 -1 -1 -1 -1 -1 -1 -1 -1 -1 -1 -1 -1 -1 -1 -1 -1 -1 -1 -1 -1 -1 -1 -1 -1 -1 -1 -1 -1 -1 -1 -1 -1 -1 -1 -1 -1 -1 -1 -1 -1 -1 -1 -1 -1 -1 -1 -1 -1 -1 -1 -1 -1 -1 -1
-1 -1 -1 -1 -1 -1 -1 -1 -1 -1 -1 -1 -1 -1 -1 -1 -1 -1 -1 -1 -1 -1 50 48 49 -1 -1 -1 -1 -1 -1 -1 -1 -1 -1 -1 -1 -1 -1 -1 -1 -1 -1 -1 -1 -1 -1 -1 -1 -1 -1 -1 -1 -1 -1 -1 -1 -1 -1 -1 -1 -1 -1 -1 -1 -1 -1 -1 -1 -1 -1 -1 -1 -1 -1 -1 -1 -1 -1 -1 -1 -1 -1 -1 -1 -1 -1 -1 -1 -1 -1 -1 -1 -1 -1 -1 -1 -1 -1 -1 -1 -1 -1 -1 -1 -1 -1 -1 -1 -1 -1 -1 -1 -1 -1 -1 -1 -1 -1 -1 -1 -1 -1 -1 -1 -1 -1 -1 -1
-1 -1 -1 -1 -1 -1 -1 -1 -1 -1 -1 -1 -1 -1 -1 -1 -1 -1 -1 -1 -1 50 49 48 49 -1 -1 -1 -1 -1 -1 -1 -1 -1 -1 -1 -1 -1 -1 -1 -1 -1 -1 -1 -1 -1 -1 -1 -1 -1 -1 -1 -1 -1 -1 -1 -1 -1 -1 -1 -1 -1 -1 -1 -1 -1 -1 -1 -1 -1 -1 -1 -1 -1 -1 -1 -1 -1 -1 -1 -1 -1 -1 -1 -1 -1 -1 -1 -1 -1 -1 -1 -1 -1 -1 -1 -1 -1 -1 -1 -1 -1 -1 -1 -1 -1 -1 -1 -1 -1 -1 -1 -1 -1 -1 -1 -1 -1 -1 -1 -1 -1 -1 -1 -1 -1 -1 -1 -1
-1 -1 -1 -1 -1 -1 -1 -1 -1 -1 -1 -1 -1 -1 -1 -1 -1 -1 -1 -1 -1 50 48 47 49 -1 -1 -1 -1 -1 -1 -1 -1 -1 -1 -1 -1 -1 -1 -1 -1 -1 -1 -1 -1 -1 -1 -1 -1 -1 -1 -1 -1 -1 -1 -1 -1 -1 -1 -1 -1 -1 -1 -1 -1 -1 -1 -1 -1 -1 -1 -1 -1 -1 -1 -1 -1 -1 -1 -1 -1 -1 -1 -1 -1 -1 -1 -1 -1 -1 -1 -1 -1 -1 -1 -1 -1 -1 -1 -1 -1 -1 -1 -1 -1 -1 -1 -1 -1 -1 -1 -1 -1 -1 -1 -1 -1 -1 -1 -1 -1 -1 -1 -1 -1 -1 -1 -1 -1
-1 -1 -1 -1 -1 -1 -1 -1 -1 -1 -1 -1 -1 -1 -1 -1 -1 -1 -1 -1 -1 50 49 51 -1 -1 -1 -1 -1 -1 -1 -1 -1 -1 -1 -1 -1 -1 -1 -1 -1 -1 -1 -1 -1 -1 -1 -1 -1 -1 -1 -1 -1 -1 -1 -1 -1 -1 -1 -1 -1 -1 -1 -1 -1 -1 -1 -1 -1 -1 -1 -1 -1 -1 -1 -1 -1 -1 -1 -1 -1 -1 -1 -1 -1 -1 -1 -1 -1 -1 -1 -1 -1 -1 -1 -1 -1 -1 -1 -1 -1 -1 -1 -1 -1 -1 -1 -1 -1 -1 -1 -1 -1 -1 -1 -1 -1 -1 -1 -1 -1 -1 -1 -1 -1 -1 -1 -1 -1
-1 -1 -1 -1 -1 -1 -1 -1 -1 -1 -1 -1 -1 -1 -1 -1 -1 -1 -1 -1 50 49 50 53 -1 -1 -1 -1 -1 -1 -1 -1 -1 -1 -1 -1 -1 -1 -1 -1 -1 -1 -1 -1 -1 -1 -1 -1 -1 -1 -1 -1 -1 -1 -1 -1 -1 -1 -1 -1 -1 -1 -1 -1 -1 -1 -1 -1 -1 -1 -1 -1 -1 -1 -1 -1 -1 -1 -1 -1 -1 -1 -1 -1 -1 -1 -1 -1 -1 -1 -1 -1 -1 -1 -1 -1 -1 -1 -1 -1 -1 -1 -1 -1 -1 -1 -1 -1 -1 -1 -1 -1 -1 -1 -1 -1 -1 -1 -1 -1 -1 -1 -1 -1 -1 -1 -1 -1 -1
-1 -1 -1 -1 -1 -1 -1 -1 -1 -1 -1 -1 -1 -1 -1 -1 -1 -1 -1 -1 50 49 49 -1 -1 -1 -1 -1 -1 -1 -1 -1 -1 -1 -1 -1 -1 -1 -1 -1 -1 -1 -1 -1 -1 -1 -1 -1 -1 -1 -1 -1 -1 -1 -1 -1 -1 -1 -1 -1 -1 -1 -1 -1 -1 -1 -1 -1 -1 -1 -1 -1 -1 -1 -1 -1 -1 -1 -1 -1 -1 -1 -1 -1 -1 -1 -1 -1 -1 -1 -1 -1 -1 -1 -1 -1 -1 -1 -1 -1 -1 -1 -1 -1 -1 -1 -1 -1 -1 -1 -1 -1 -1 -1 -1 -1 -1 -1 -1 -1 -1 -1 -1 -1 -1 -1 -1 -1 -1
-1 -1 -1 -1 -1 -1 -1 -1 -1 -1 -1 -1 -1 -1 -1 -1 -1 -1 -1 -1 50 49 -1 -1 -1 -1 -1 -1 -1 -1 -1 -1 -1 -1 -1 -1 -1 -1 -1 -1 -1 -1 -1 -1 -1 -1 -1 -1 -1 -1 -1 -1 -1 -1 -1 -1 -1 -1 -1 -1 -1 -1 -1 -1 -1 -1 -1 -1 -1 -1 -1 -1 -1 -1 -1 -1 -1 -1 -1 -1 -1 -1 -1 -1 -1 -1 -1 -1 -1 -1 -1 -1 -1 -1 -1 -1 -1 -1 -1 -1 -1 -1 -1 -1 -1 -1 -1 -1 -1 -1 -1 -1 -1 -1 -1 -1 -1 -1 -1 -1 -1 -1 -1 -1 -1 -1 -1 -1 -1
-1 -1 -1 -1 -1 -1 -1 -1 -1 -1 -1 -1 -1 -1 -1 -1 -1 -1 -1 -1 50 51 -1 -1 -1 -1 -1 -1 -1 -1 -1 -1 -1 -1 -1 -1 -1 -1 -1 -1 -1 -1 -1 -1 -1 -1 -1 -1 -1 -1 -1 -1 -1 -1 -1 -1 -1 -1 -1 -1 -1 -1 -1 -1 -1 -1 -1 -1 -1 -1 -1 -1 -1 -1 -1 -1 -1 -1 -1 -1 -1 -1 -1 -1 -1 -1 -1 -1 -1 -1 -1 -1 -1 -1 -1 -1 -1 -1 -1 -1 -1 -1 -1 -1 -1 -1 -1 -1 -1 -1 -1 -1 -1 -1 -1 -1 -1 -1 -1 -1 -1 -1 -1 -1 -1 -1 -1 -1 -1
-1 -1 -1 -1 -1 -1 -1 -1 -1 -1 -1 -1 -1 -1 -1 -1 -1 -1 -1 -1 50 53 -1 -1 -1 -1 -1 -1 -1 -1 -1 -1 -1 -1 -1 -1 -1 -1 -1 -1 -1 -1 -1 -1 -1 -1 -1 -1 -1 -1 -1 -1 -1 -1 -1 -1 -1 -1 -1 -1 -1 -1 -1 -1 -1 -1 -1 -1 -1 -1 -1 -1 -1 -1 -1 -1 -1 -1 -1 -1 -1 -1 -1 -1 -1 -1 -1 -1 -1 -1 -1 -1 -1 -1 -1 -1 -1 -1 -1 -1 -1 -1 -1 -1 -1 -1 -1 -1 -1 -1 -1 -1 -1 -1 -1 -1 -1 -1 -1 -1 -1 -1 -1 -1 -1 -1 -1 -1 -1
-1 -1 -1 -1 -1 -1 -1 -1 -1 -1 -1 -1 -1 -1 -1 -1 -1 -1 -1 -1 -1 -1 -1 -1 -1 -1 -1 -1 -1 -1 -1 -1 -1 -1 -1 -1 -1 -1 -1 -1 -1 -1 -1 -1 -1 -1 -1 -1 -1 -1 -1 -1 -1 -1 -1 -1 -1 -1 -1 -1 -1 -1 -1 -1 -1 -1 -1 -1 -1 -1 -1 -1 -1 -1 -1 -1 -1 -1 -1 -1 -1 -1 -1 -1 -1 -1 -1 -1 -1 -1 -1 -1 -1 -1 -1 -1 -1 -1 -1 -1 -1 -1 -1 -1 -1 -1 -1 -1 -1 -1 -1 -1 -1 -1 -1 -1 -1 -1 -1 -1 -1 -1 -1 -1 -1 -1 -1 -1 -1
-1 -1 -1 -1 -1 -1 -1 -1 -1 -1 -1 -1 -1 -1 -1 -1 -1 -1 -1 -1 -1 -1 -1 -1 -1 -1 -1 -1 -1 -1 -1 -1 -1 -1 -1 -1 -1 -1 -1 -1 -1 -1 -1 -1 -1 -1 -1 -1 -1 -1 -1 -1 -1 -1 -1 -1 -1 -1 -1 -1 -1 -1 -1 -1 -1 -1 -1 -1 -1 -1 -1 -1 -1 -1 -1 -1 -1 -1 -1 -1 -1 -1 -1 -1 -1 -1 -1 -1 -1 -1 -1 -1 -1 -1 -1 -1 -1 -1 -1 -1 -1 -1 -1 -1 -1 -1 -1 -1 -1 -1 -1 -1 -1 -1 -1 -1 -1 -1 -1 -1 -1 -1 -1 -1 -1 -1 -1 -1 -1
-1 -1 -1 -1 -1 -1 -1 -1 -1 -1 -1 -1 -1 -1 -1 -1 -1 -1 -1 -1 -1 -1 -1 -1 -1 -1 -1 -1 -1 -1 -1 -1 -1 -1 -1 -1 -1 -1 -1 -1 -1 -1 -1 -1 -1 -1 -1 -1 -1 -1 -1 -1 -1 -1 -1 -1 -1 -1 -1 -1 -1 -1 -1 -1 -1 -1 -1 -1 -1 -1 -1 -1 -1 -1 -1 -1 -1 -1 -1 -1 -1 -1 -1 -1 -1 -1 -1 -1 -1 -1 -1 -1 -1 -1 -1 -1 -1 -1 -1 -1 -1 -1 -1 -1 -1 -1 -1 -1 -1 -1 -1 -1 -1 -1 -1 -1 -1 -1 -1 -1 -1 -1 -1 -1 -1 -1 -1 -1 -1
-1 -1 -1 -1 -1 -1 -1 -1 -1 -1 -1 -1 -1 -1 -1 -1 -1 -1 -1 -1 -1 -1 -1 -1 -1 -1 -1 -1 -1 -1 -1 -1 -1 -1 -1 -1 -1 -1 -1 -1 -1 -1 -1 -1 -1 -1 -1 -1 -1 -1 -1 -1 -1 -1 -1 -1 -1 -1 -1 -1 -1 -1 -1 -1 -1 -1 -1 -1 -1 -1 -1 -1 -1 -1 -1 -1 -1 -1 -1 -1 -1 -1 -1 -1 -1 -1 -1 -1 -1 -1 -1 -1 -1 -1 -1 -1 -1 -1 -1 -1 -1 -1 -1 -1 -1 -1 -1 -1 -1 -1 -1 -1 -1 -1 -1 -1 -1 -1 -1 -1 -1 -1 -1 -1 -1 -1 -1 -1 -1
-1 -1 -1 -1 -1 -1 -1 -1 -1 -1 -1 -1 -1 -1 -1 -1 -1 -1 -1 -1 -1 -1 -1 -1 -1 -1 -1 -1 -1 -1 -1 -1 -1 -1 -1 -1 -1 -1 -1 -1 -1 -1 -1 -1 -1 -1 -1 -1 -1 -1 -1 -1 -1 -1 -1 -1 -1 -1 -1 -1 -1 -1 -1 -1 -1 -1 -1 -1 -1 -1 -1 -1 -1 -1 -1 -1 -1 -1 -1 -1 -1 -1 -1 -1 -1 -1 -1 -1 -1 -1 -1 -1 -1 -1 -1 -1 -1 -1 -1 -1 -1 -1 -1 -1 -1 -1 -1 -1 -1 -1 -1 -1 -1 -1 -1 -1 -1 -1 -1 -1 -1 -1 -1 -1 -1 -1 -1 -1 -1
